1 0.760063 0.805396 0.818282 0.827253 0.831769 0.832748
2 0.769040 0.810131 0.820302 0.827585 0.831769 0.832810
3 0.783955 0.811528 0.820373 0.827591 0.831769 0.832829
4 0.784118 0.813085 0.820767 0.827837 0.831780 0.832829
5 0.787442 0.813561 0.822217 0.828300 0.831780 0.832892
6 0.789947 0.818679 0.822228 0.829234 0.831780 0.832911
7 0.790783 0.818679 0.823603 0.829580 0.831818 0.832911
8 0.800761 0.818679 0.825338 0.829580 0.831818 0.832917
9 0.801242 0.818679 0.826077 0.829580 0.831845 0.832917
10 0.802723 0.818708 0.826164 0.829580 0.832074 0.832917
11 0.804624 0.820063 0.826342 0.830359 0.832083 0.832967
12 0.805005 0.820620 0.826342 0.830359 0.832114 0.833088
13 0.808441 0.821183 0.826389 0.830429 0.832169 0.833088
14 0.812357 0.821273 0.826658 0.830434 0.832178 0.833088
15 0.812357 0.821513 0.828191 0.830434 0.832178 0.833088
16 0.812801 0.823533 0.828584 0.830434 0.832254 0.833093
17 0.814503 0.823577 0.828724 0.830492 0.832271 0.833093
18 0.815194 0.823591 0.828758 0.830605 0.832347 0.833093
19 0.817371 0.823591 0.828758 0.830700 0.832508 0.833093
20 0.817371 0.823620 0.828798 0.830700 0.832508 0.833093
21 0.817371 0.825691 0.829129 0.830718 0.832508 0.833093
22 0.817371 0.825731 0.830040 0.830718 0.832519 0.833100
23 0.817371 0.825731 0.830040 0.830718 0.832568 0.833100
24 0.817947 0.825731 0.830055 0.830718 0.832709 0.833100
25 0.817965 0.826112 0.830055 0.830718 0.832709 0.833100
26 0.818065 0.827167 0.830055 0.830816 0.832765 0.833111
27 0.818065 0.827167 0.830252 0.830816 0.832765 0.833147
28 0.818703 0.827167 0.830272 0.830881 0.832773 0.833147
29 0.818703 0.827167 0.830272 0.830919 0.832773 0.833147
30 0.818703 0.827721 0.830284 0.831334 0.832773 0.833147
31 0.819105 0.827721 0.830284 0.831498 0.832773 0.833147
32 0.819105 0.827721 0.830284 0.831566 0.832773 0.833147
33 0.819452 0.827752 0.830546 0.831566 0.832773 0.833147
34 0.820322 0.827752 0.830670 0.831566 0.832860 0.833147
35 0.821492 0.827752 0.830777 0.831566 0.832960 0.833147
36 0.821492 0.828022 0.830777 0.831576 0.832960 0.833195
37 0.821492 0.828041 0.830777 0.831576 0.832960 0.833195
38 0.822722 0.828330 0.830949 0.831635 0.832960 0.833195
39 0.822722 0.828330 0.831087 0.831730 0.832960 0.833195
40 0.822722 0.828373 0.831170 0.831812 0.832960 0.833195
41 0.822722 0.828434 0.831353 0.831812 0.832989 0.833195
42 0.822952 0.828434 0.831353 0.831812 0.832989 0.833195
43 0.822952 0.828773 0.831353 0.831879 0.832989 0.833195
44 0.823580 0.828773 0.831353 0.831901 0.832989 0.833195
45 0.823580 0.828773 0.831353 0.831901 0.833008 0.833206
46 0.824092 0.828773 0.831353 0.831901 0.833008 0.833206
47 0.824092 0.828789 0.831413 0.832023 0.833008 0.833206
48 0.824092 0.828789 0.831413 0.832023 0.833008 0.833206
49 0.824426 0.828789 0.831436 0.832183 0.833008 0.833206
50 0.824715 0.828808 0.831436 0.832192 0.833008 0.833206
51 0.828472 0.828808 0.831436 0.832192 0.833008 0.833206
52 0.828472 0.828820 0.831436 0.832415 0.833008 0.833206
53 0.828472 0.830270 0.831436 0.832415 0.833008 0.833206
54 0.828472 0.830270 0.831502 0.832415 0.833008 0.833206
55 0.829199 0.830287 0.831532 0.832430 0.833008 0.833206
56 0.829199 0.830497 0.831734 0.832475 0.833008 0.833206
57 0.829199 0.830497 0.831734 0.832475 0.833008 0.833206
58 0.829219 0.830535 0.831734 0.832494 0.833008 0.833206
59 0.829335 0.830667 0.831734 0.832494 0.833008 0.833206
60 0.829421 0.830797 0.831734 0.832500 0.833008 0.833206
61 0.829598 0.830797 0.831734 0.832516 0.833008 0.833206
62 0.829847 0.830812 0.831766 0.832516 0.833008 0.833206
63 0.829868 0.830857 0.831784 0.832608 0.833008 0.833206
64 0.830047 0.830857 0.831784 0.832608 0.833008 0.833206
65 0.830295 0.830896 0.831784 0.832608 0.833008 0.833206
66 0.830295 0.830896 0.831801 0.832608 0.833008 0.833206
67 0.830303 0.830896 0.831801 0.832608 0.833008 0.833206
68 0.830446 0.830896 0.831812 0.832608 0.833008 0.833206
69 0.830711 0.830977 0.831812 0.832647 0.833008 0.833206
70 0.830711 0.831075 0.831812 0.832647 0.833008 0.833206
71 0.830711 0.831075 0.831829 0.832647 0.833008 0.833206
72 0.830711 0.831075 0.831849 0.832900 0.833050 0.833206
73 0.830711 0.831108 0.831849 0.832900 0.833050 0.833206
74 0.830711 0.831225 0.831849 0.832900 0.833068 0.833206
75 0.830711 0.831290 0.831849 0.832900 0.833068 0.833206
76 0.830711 0.831290 0.831849 0.832900 0.833068 0.833206
77 0.830751 0.831290 0.831849 0.832900 0.833068 0.833206
78 0.830751 0.831385 0.831849 0.832900 0.833068 0.833206
79 0.830751 0.831385 0.831849 0.832900 0.833068 0.833206
80 0.830751 0.831385 0.831849 0.832900 0.833068 0.833206
81 0.830751 0.831385 0.831849 0.832900 0.833068 0.833206
82 0.830751 0.831385 0.831849 0.832900 0.833068 0.833206
83 0.830920 0.831385 0.831849 0.832900 0.833068 0.833206
84 0.830957 0.831515 0.831849 0.832900 0.833068 0.833206
85 0.830957 0.831515 0.831849 0.832900 0.833068 0.833206
86 0.830957 0.831515 0.831849 0.832900 0.833068 0.833206
87 0.831071 0.831515 0.831849 0.832900 0.833068 0.833206
88 0.831071 0.831517 0.831917 0.832919 0.833068 0.833206
89 0.831071 0.831517 0.831917 0.832919 0.833068 0.833206
90 0.831071 0.831517 0.831917 0.832919 0.833068 0.833206
91 0.831071 0.831517 0.831917 0.832919 0.833068 0.833206
92 0.831071 0.831517 0.831917 0.832919 0.833073 0.833206
93 0.831071 0.831517 0.831917 0.832919 0.833073 0.833206
94 0.831071 0.831517 0.832007 0.832919 0.833073 0.833206
95 0.831071 0.831517 0.832007 0.832919 0.833073 0.833206
96 0.831114 0.831606 0.832007 0.832919 0.833089 0.833206
97 0.831114 0.831606 0.832007 0.832920 0.833089 0.833206
98 0.831114 0.831606 0.832031 0.832920 0.833089 0.833206
99 0.831114 0.831606 0.832031 0.832920 0.833089 0.833206
100 0.831114 0.831880 0.832031 0.832920 0.833091 0.833206
