1 0.394830 0.547823 0.590477 0.614120 0.627846 0.651488
2 0.429339 0.549361 0.593382 0.620879 0.630342 0.651669
3 0.429877 0.550200 0.597885 0.621269 0.630342 0.652386
4 0.455806 0.553859 0.598545 0.621718 0.630342 0.652386
5 0.455806 0.558384 0.598978 0.624248 0.630342 0.652386
6 0.513967 0.565298 0.602134 0.624248 0.630342 0.652386
7 0.520724 0.565298 0.602332 0.624248 0.631906 0.652514
8 0.524026 0.580626 0.605368 0.624605 0.636507 0.653125
9 0.532560 0.584248 0.606688 0.627059 0.636507 0.653311
10 0.538364 0.586068 0.607915 0.627519 0.636507 0.653311
11 0.547639 0.586068 0.609454 0.627519 0.636507 0.653371
12 0.555191 0.587780 0.611843 0.628388 0.636507 0.653530
13 0.558720 0.589922 0.611984 0.629171 0.636755 0.653555
14 0.561392 0.589922 0.613686 0.629341 0.637137 0.654022
15 0.566481 0.589922 0.614099 0.629341 0.639295 0.654022
16 0.570748 0.591214 0.620700 0.629691 0.639346 0.654254
17 0.570748 0.591573 0.620875 0.630421 0.639346 0.654579
18 0.582553 0.591839 0.621298 0.631311 0.639702 0.654613
19 0.582611 0.592324 0.621803 0.632550 0.640025 0.654823
20 0.582611 0.593354 0.622166 0.633735 0.640025 0.655071
21 0.582864 0.595231 0.626862 0.634006 0.640579 0.655071
22 0.582864 0.599149 0.626862 0.636048 0.640579 0.655071
23 0.590656 0.603945 0.627405 0.636157 0.642505 0.656215
24 0.594241 0.603945 0.628151 0.637422 0.642560 0.656215
25 0.594241 0.604078 0.628424 0.637852 0.643136 0.656215
26 0.595803 0.604627 0.628679 0.637884 0.643588 0.656215
27 0.596403 0.607294 0.630035 0.638464 0.643832 0.656400
28 0.596408 0.607555 0.631705 0.638630 0.644229 0.656400
29 0.599393 0.609906 0.632205 0.640099 0.644229 0.656449
30 0.599393 0.611033 0.632205 0.640996 0.647287 0.656764
31 0.604589 0.611033 0.632815 0.641017 0.647287 0.656764
32 0.604726 0.611061 0.633235 0.641425 0.647287 0.656764
33 0.605426 0.612033 0.634076 0.641471 0.647287 0.656963
34 0.610991 0.613579 0.634578 0.642590 0.647287 0.656963
35 0.610991 0.615162 0.634741 0.642769 0.647287 0.656963
36 0.612373 0.615162 0.634766 0.643068 0.647402 0.656963
37 0.616030 0.615162 0.635327 0.643479 0.647402 0.656963
38 0.616533 0.616123 0.637040 0.643887 0.648084 0.657027
39 0.619138 0.617956 0.637717 0.644744 0.649192 0.657027
40 0.619701 0.618678 0.638328 0.644895 0.649819 0.657080
41 0.619701 0.621146 0.638853 0.646510 0.649819 0.657080
42 0.620146 0.621245 0.638916 0.646789 0.650611 0.657080
43 0.620299 0.622877 0.639678 0.647329 0.650611 0.657080
44 0.621204 0.625336 0.642079 0.647329 0.651005 0.657273
45 0.621251 0.625784 0.642079 0.647329 0.651201 0.657273
46 0.621251 0.626690 0.642169 0.647594 0.651201 0.657898
47 0.621959 0.627097 0.642169 0.648517 0.651201 0.657898
48 0.622057 0.628395 0.642201 0.648517 0.651201 0.657898
49 0.624381 0.629986 0.642201 0.648517 0.651979 0.657937
50 0.624381 0.630010 0.642201 0.648656 0.652769 0.657937
51 0.624381 0.630111 0.643356 0.648692 0.652769 0.657937
52 0.624381 0.631734 0.643356 0.648692 0.652769 0.657994
53 0.624381 0.631734 0.644120 0.649012 0.652769 0.657994
54 0.626912 0.631734 0.644120 0.649053 0.652977 0.657994
55 0.627129 0.632071 0.644120 0.649065 0.652977 0.658215
56 0.627458 0.632326 0.644973 0.649066 0.653040 0.658215
57 0.628569 0.632613 0.645263 0.649258 0.653194 0.658215
58 0.628707 0.635959 0.646062 0.649596 0.653232 0.658215
59 0.628760 0.639529 0.646062 0.649596 0.653232 0.658215
60 0.629171 0.639965 0.646850 0.650327 0.653232 0.658278
61 0.629574 0.640419 0.646964 0.650327 0.653232 0.658278
62 0.633344 0.641336 0.647284 0.650327 0.653274 0.658324
63 0.633550 0.641336 0.647284 0.650741 0.654015 0.658324
64 0.633586 0.642108 0.647284 0.651234 0.654272 0.658324
65 0.633586 0.642429 0.647284 0.651615 0.655898 0.658324
66 0.633674 0.642494 0.649072 0.652648 0.655898 0.658337
67 0.633674 0.642494 0.649072 0.652669 0.655898 0.658632
68 0.633833 0.643597 0.649141 0.653486 0.655898 0.658970
69 0.635512 0.643771 0.650852 0.653530 0.656095 0.658970
70 0.635512 0.643997 0.650852 0.653663 0.656095 0.658970
71 0.635512 0.644087 0.650861 0.653663 0.656095 0.658970
72 0.635512 0.644087 0.650861 0.653663 0.656095 0.658970
73 0.635512 0.644333 0.650861 0.653700 0.656095 0.659029
74 0.635575 0.644763 0.650861 0.653700 0.656095 0.659029
75 0.635746 0.644763 0.650861 0.653700 0.656566 0.659029
76 0.635754 0.645123 0.650861 0.654227 0.656566 0.659029
77 0.635754 0.645142 0.650861 0.654658 0.656566 0.659029
78 0.635754 0.645411 0.650861 0.654658 0.656566 0.659181
79 0.635754 0.645411 0.650861 0.654725 0.657052 0.659457
80 0.635844 0.646225 0.651018 0.654725 0.657052 0.659457
81 0.636006 0.646225 0.651018 0.654725 0.657052 0.659457
82 0.636006 0.646309 0.651668 0.654725 0.657052 0.659457
83 0.636394 0.646338 0.651668 0.654725 0.657052 0.659457
84 0.636394 0.646488 0.651668 0.655276 0.657170 0.659457
85 0.636394 0.647207 0.651668 0.655497 0.657170 0.659549
86 0.636394 0.647207 0.651668 0.655710 0.657170 0.659598
87 0.636394 0.647241 0.651680 0.655710 0.657170 0.659598
88 0.636394 0.647241 0.651680 0.655710 0.657170 0.659598
89 0.636601 0.647955 0.651778 0.655710 0.657170 0.659868
90 0.636601 0.648121 0.651869 0.655834 0.657948 0.659868
91 0.636674 0.648208 0.652859 0.655839 0.657948 0.659868
92 0.636674 0.648866 0.652859 0.655839 0.659618 0.659868
93 0.636674 0.649209 0.652859 0.655866 0.659618 0.659868
94 0.636674 0.649214 0.652859 0.656187 0.659618 0.659868
95 0.636762 0.649255 0.652859 0.656187 0.659618 0.659868
96 0.636762 0.649255 0.652859 0.656187 0.659618 0.659868
97 0.639176 0.649255 0.652859 0.656187 0.659618 0.659868
98 0.639212 0.649439 0.652859 0.656187 0.659618 0.659868
99 0.639237 0.649439 0.652859 0.656187 0.660101 0.659868
100 0.639237 0.649786 0.652859 0.656187 0.660101 0.659868
