num_lifecycle = 5
156.254
37.1714
19.979
88.2269
27.0815
260.966
45.0689
35.519
113.519
42.519
15.2294
23.4708
0 pc = 965.005 pe = 1278.16
26.8318
5.14433
2.37171
64.3098
1.78719
161.89
5.11161
20.5034
113.519
0.666733
2.09206
18.4097
1 pc = 522.637 pe = 486.37
26.8318
29.8474
14.9064
64.3098
16.7944
161.89
5.11161
20.5034
74.3845
27.861
11.6943
3.7094
2 pc = 557.844 pe = 492.39
26.8318
5.14433
2.37171
64.3098
27.0815
161.89
33.0446
35.519
74.3845
24.5442
2.09206
3.7094
3 pc = 560.923 pe = 580.422
93.0039
29.8474
13.6944
88.2269
1.78719
161.89
5.11161
20.5034
74.3845
24.5442
11.6943
23.4708
4 pc = 648.159 pe = 541.185
SC =3254.57 SE = 3378.53 M= 0.855929
fitness 0.832488
