Number of Threads = 64

 Reading data from file ............TTTTT  2 

gbasic_seed =  0.888889
In thread 2

===================================================
Max = -2080.10522  Min =  0.86928   Avg = -152.52147
No. of mutations = 42451 ;  No. of x-overs = 4043
Number of Lifecyles 2 

String =
Lifecycle 1
2 3 0 0 0 1 2 2 1 2 3 3 0.974224

Lifecycle 2
1 3 1 3 2 3 1 3 3 3 1 1 0.791157


 Best ever fitness = 0.869978 from generation = 66
 Best in each gen = 90  0.000000  0.860835  0.851289  0.852186  0.855577  0.849082  0.846586  0.852056  0.856907  0.846115  0.853252  0.848482  0.854849  0.834734  0.859104  0.860178  0.855067  0.852612  0.857252  0.847066  0.836932  0.837264  0.859734  0.849468  0.855654  0.851070  0.858208  0.853386  0.860835  0.849373  0.859813  0.854320  0.863945  0.861353  0.861684  0.856883  0.866008  0.868228  0.855133  0.861392  0.857863  0.859459  0.860903  0.865896  0.864798  0.863571  0.861344  0.863834  0.859864  0.858509  0.855617  0.864157  0.859369  0.860850  0.857462  0.860835  0.863073  0.864892  0.868280  0.865773  0.865809  0.863388  0.863838  0.862095  0.861946  0.866231  0.869978  0.864686  0.866030  0.867416  0.867527  0.866147  0.863838  0.864253  0.869732  0.867713  0.868819  0.865500  0.866163  0.866908  0.867877  0.868819  0.868381  0.868550  0.869285  0.869732  0.867555  0.869159  0.868235  0.869099  0.869275 
===================================================

In thread 3

===================================================
Max = -2080.10522  Min =  0.87046   Avg = -141.84715
No. of mutations = 42596 ;  No. of x-overs = 4058
Number of Lifecyles 2 

String =
Lifecycle 1
1 1 3 2 2 3 2 1 0 1 2 1 0.835267

Lifecycle 2
1 3 2 3 2 3 1 3 3 3 2 1 0.693186


 Best ever fitness = 0.870459 from generation = 90
 Best in each gen = 90  0.000000  0.854744  0.859459  0.848016  0.853252  0.856306  0.841845  0.852769  0.856907  0.856242  0.860347  0.852928  0.847763  0.844382  0.846148  0.842939  0.850470  0.854586  0.851431  0.849282  0.861104  0.855260  0.850797  0.861366  0.860168  0.864157  0.853833  0.839751  0.855617  0.859057  0.859747  0.853685  0.865352  0.853982  0.849468  0.854333  0.856662  0.861389  0.861684  0.856355  0.856656  0.857699  0.855041  0.863486  0.860656  0.863945  0.860442  0.850131  0.868035  0.863838  0.857519  0.860281  0.862337  0.863099  0.868819  0.864128  0.859633  0.863356  0.867827  0.868819  0.863010  0.869071  0.863576  0.863838  0.866650  0.865433  0.864620  0.868342  0.868208  0.865019  0.864870  0.866914  0.866176  0.865655  0.864849  0.866647  0.869690  0.867827  0.869690  0.869690  0.869226  0.867309  0.869764  0.867656  0.869415  0.869732  0.868105  0.870227  0.869732  0.869732  0.870459 
===================================================

In thread 4

===================================================
Max = -2080.10522  Min =  0.87050   Avg = -112.95134
No. of mutations = 42312 ;  No. of x-overs = 4019
Number of Lifecyles 2 

String =
Lifecycle 1
2 3 3 2 2 3 2 1 2 1 2 1 0.974224

Lifecycle 2
1 3 2 3 2 3 1 3 3 3 2 1 0.791157


 Best ever fitness = 0.870786 from generation = 89
 Best in each gen = 90  0.000000  0.849211  0.848860  0.850555  0.855393  0.854787  0.854087  0.837741  0.851758  0.855027  0.840722  0.848559  0.850621  0.863571  0.841780  0.848786  0.854930  0.861104  0.849759  0.851529  0.860483  0.851860  0.857618  0.863838  0.865927  0.855795  0.867827  0.853252  0.863966  0.858938  0.864128  0.861730  0.860038  0.856950  0.859825  0.853786  0.863412  0.862608  0.857341  0.866821  0.858899  0.864157  0.858938  0.859706  0.853827  0.857618  0.863494  0.864278  0.860554  0.856255  0.858376  0.863079  0.859745  0.865341  0.856032  0.859826  0.867022  0.868055  0.869362  0.866036  0.867827  0.863852  0.868376  0.865572  0.864434  0.866373  0.864982  0.869732  0.869362  0.868819  0.865576  0.869277  0.868192  0.866301  0.869143  0.868198  0.868398  0.868092  0.869732  0.869893  0.869484  0.869764  0.870042  0.869772  0.869690  0.869670  0.870252  0.869732  0.869591  0.870786  0.870502 
===================================================

In thread 0

===================================================
Max = -2080.10522  Min =  0.87050   Avg = -80.14008
No. of mutations = 42416 ;  No. of x-overs = 4054
Number of Lifecyles 2 

String =
Lifecycle 1
1 3 3 2 2 3 2 2 1 2 3 1 0.835267

Lifecycle 2
1 3 2 3 3 3 1 3 3 3 2 1 0.693186


 Best ever fitness = 0.870698 from generation = 87
 Best in each gen = 90  0.000000  0.824462  0.860347  0.825805  0.853252  0.845553  0.863838  0.830401  0.836534  0.825924  0.842482  0.833460  0.844805  0.848906  0.836477  0.846792  0.842646  0.846635  0.825580  0.853386  0.855923  0.850500  0.844144  0.847101  0.840671  0.840892  0.833277  0.857212  0.853733  0.857593  0.853452  0.840484  0.861053  0.867623  0.849586  0.861457  0.860163  0.854380  0.867623  0.859117  0.858049  0.859207  0.855018  0.864128  0.864879  0.862014  0.861658  0.862855  0.862429  0.862004  0.864514  0.863203  0.863569  0.863040  0.863203  0.864193  0.867724  0.866346  0.865954  0.866063  0.868502  0.867877  0.867523  0.869732  0.868396  0.868084  0.868549  0.867650  0.868035  0.868450  0.870039  0.868947  0.870609  0.868996  0.869840  0.868819  0.869930  0.870176  0.869816  0.870149  0.870238  0.869820  0.869773  0.869764  0.870157  0.870044  0.869960  0.870698  0.870496  0.870641  0.870496 
===================================================

In thread 1

===================================================
Max = -2080.10522  Min =  0.87064   Avg = -151.26129
No. of mutations = 42522 ;  No. of x-overs = 4020
Number of Lifecyles 2 

String =
Lifecycle 1
3 0 0 0 2 2 1 1 0 1 2 1 0.974224

Lifecycle 2
1 3 2 3 2 3 1 3 3 3 2 1 0.791157


 Best ever fitness = 0.870786 from generation = 86
 Best in each gen = 90  0.000000  0.849041  0.859057  0.834178  0.834755  0.851211  0.844418  0.846185  0.838752  0.844992  0.839926  0.853697  0.859057  0.837209  0.839039  0.849630  0.858360  0.862968  0.854121  0.854544  0.851211  0.860835  0.849630  0.849516  0.857103  0.859104  0.851721  0.855505  0.848217  0.855643  0.859480  0.859968  0.845436  0.852404  0.855477  0.859278  0.862592  0.862688  0.858175  0.861565  0.858080  0.867527  0.864694  0.859160  0.860932  0.867309  0.865863  0.866753  0.864059  0.868660  0.867773  0.867827  0.866087  0.867351  0.867899  0.868429  0.867215  0.867941  0.866688  0.868352  0.867899  0.869277  0.868819  0.869930  0.869732  0.869908  0.869446  0.868082  0.869908  0.870609  0.869732  0.869362  0.869908  0.870609  0.870459  0.870641  0.869732  0.870350  0.869908  0.870609  0.870641  0.870578  0.870496  0.870722  0.870557  0.870039  0.870786  0.870641  0.870448  0.870496  0.870641 
===================================================

In thread 5

===================================================
Max = -2080.10522  Min =  0.87091   Avg = -133.37485
No. of mutations = 42460 ;  No. of x-overs = 4056
Number of Lifecyles 2 

String =
Lifecycle 1
0 1 0 1 1 0 1 0 1 3 3 3 0.772638

Lifecycle 2
1 3 2 3 2 3 1 3 3 3 2 1 0.629568


 Best ever fitness = 0.870911 from generation = 89
 Best in each gen = 90  0.000000  0.856148  0.856910  0.859471  0.839773  0.857074  0.848926  0.861520  0.847589  0.860284  0.857252  0.842490  0.865896  0.847448  0.856133  0.856950  0.864157  0.850970  0.860430  0.861392  0.858665  0.860409  0.868228  0.869071  0.859914  0.865078  0.862299  0.866396  0.862340  0.865272  0.859960  0.866222  0.867976  0.867236  0.865600  0.868819  0.868339  0.867899  0.865922  0.868876  0.867650  0.869285  0.868228  0.868787  0.868175  0.869226  0.869117  0.868752  0.869690  0.868819  0.868771  0.868765  0.869773  0.870039  0.868781  0.869690  0.869908  0.870722  0.869908  0.869644  0.870024  0.870557  0.870641  0.870227  0.869732  0.870641  0.870641  0.869930  0.870722  0.870722  0.870722  0.870465  0.870641  0.870764  0.870722  0.870722  0.870698  0.870722  0.870722  0.870764  0.870786  0.870786  0.870722  0.870786  0.870786  0.870786  0.870786  0.870786  0.870786  0.870911  0.870911 
===================================================

In thread 8

===================================================
Max = -2080.10522  Min =  0.87079   Avg = -170.79382
No. of mutations = 42427 ;  No. of x-overs = 4083
Number of Lifecyles 2 

String =
Lifecycle 1
2 1 2 2 2 3 2 1 0 3 2 1 0.772638

Lifecycle 2
1 3 2 3 2 3 1 3 3 3 2 1 0.629568


 Best ever fitness = 0.870911 from generation = 78
 Best in each gen = 90  0.000000  0.861153  0.863838  0.851529  0.852737  0.849346  0.862346  0.859459  0.850265  0.865600  0.867827  0.863388  0.855857  0.859459  0.861256  0.857611  0.864838  0.860669  0.863266  0.865576  0.862576  0.866398  0.866373  0.865343  0.867827  0.868874  0.867236  0.865363  0.868035  0.867594  0.868632  0.869362  0.865712  0.869285  0.866703  0.868035  0.866928  0.868752  0.868228  0.867060  0.870039  0.869285  0.868549  0.869071  0.870641  0.870157  0.870042  0.869715  0.869159  0.870200  0.869743  0.870641  0.870641  0.870157  0.870641  0.870641  0.870459  0.870722  0.870612  0.870641  0.869816  0.870722  0.870641  0.870698  0.870698  0.870722  0.870722  0.870722  0.870722  0.870737  0.870737  0.870786  0.870764  0.870786  0.870786  0.870764  0.870737  0.870722  0.870911  0.870786  0.870786  0.870786  0.870786  0.870911  0.870786  0.870786  0.870786  0.870908  0.870786  0.870786  0.870786 
===================================================

In thread 7

===================================================
Max = -2080.10522  Min =  0.87091   Avg = -85.96555
No. of mutations = 42776 ;  No. of x-overs = 4015
Number of Lifecyles 2 

String =
Lifecycle 1
0 2 3 1 0 2 0 0 0 1 2 1 0.772638

Lifecycle 2
1 3 2 3 2 3 1 3 3 3 2 1 0.629568


 Best ever fitness = 0.870911 from generation = 85
 Best in each gen = 90  0.000000  0.863225  0.849287  0.845312  0.848904  0.861673  0.858794  0.860741  0.852312  0.852116  0.859968  0.861701  0.856970  0.865927  0.856173  0.864418  0.862615  0.868035  0.866346  0.861791  0.866346  0.865820  0.865572  0.869978  0.865954  0.863852  0.864428  0.865896  0.866346  0.868876  0.869049  0.868342  0.867215  0.868933  0.869732  0.868787  0.864835  0.868550  0.869209  0.869285  0.869732  0.869732  0.868755  0.869018  0.870039  0.869111  0.869427  0.870641  0.870039  0.870500  0.869772  0.869628  0.870465  0.869974  0.869893  0.869954  0.869909  0.870496  0.870039  0.870641  0.870169  0.869908  0.870698  0.870578  0.870459  0.870722  0.870722  0.870641  0.870698  0.870641  0.870722  0.870722  0.870641  0.870722  0.870722  0.870786  0.870722  0.870786  0.870764  0.870764  0.870764  0.870764  0.870786  0.870786  0.870786  0.870911  0.870786  0.870911  0.870786  0.870786  0.870911 
===================================================

In thread 6

===================================================
Max = -2080.10522  Min =  0.87091   Avg = -46.59714
No. of mutations = 42699 ;  No. of x-overs = 4033
Number of Lifecyles 2 

String =
Lifecycle 1
2 0 1 0 0 3 1 3 2 3 3 1 0.772638

Lifecycle 2
1 3 2 3 2 3 1 3 3 3 2 1 0.629568


 Best ever fitness = 0.870911 from generation = 65
 Best in each gen = 90  0.000000  0.863003  0.840216  0.859635  0.857028  0.850212  0.860835  0.853600  0.855956  0.858423  0.862277  0.857074  0.853769  0.861816  0.863131  0.862147  0.859554  0.856814  0.864063  0.866008  0.862097  0.855147  0.864880  0.865282  0.862131  0.865078  0.865363  0.867527  0.865363  0.864740  0.867623  0.868819  0.867060  0.868337  0.867827  0.867145  0.866883  0.869285  0.869118  0.868787  0.869362  0.868438  0.870043  0.869143  0.868468  0.869908  0.868864  0.869049  0.869773  0.869732  0.870609  0.869908  0.869893  0.869908  0.870015  0.869950  0.870698  0.870609  0.870641  0.870698  0.870496  0.870161  0.870722  0.870722  0.870641  0.870911  0.870641  0.870722  0.870764  0.870786  0.870764  0.870722  0.870786  0.870786  0.870780  0.870764  0.870764  0.870911  0.870764  0.870786  0.870911  0.870786  0.870786  0.870786  0.870786  0.870786  0.870786  0.870911  0.870786  0.870911  0.870911 
===================================================

In thread 9

===================================================
Max = -2080.10522  Min =  0.87079   Avg = -105.55389
No. of mutations = 42550 ;  No. of x-overs = 4068
Number of Lifecyles 2 

String =
Lifecycle 1
2 1 2 2 2 3 2 1 0 3 2 0 0.772638

Lifecycle 2
1 3 2 3 2 3 1 3 3 3 2 1 0.629568


 Best ever fitness = 0.870911 from generation = 78
 Best in each gen = 90  0.000000  0.856831  0.861256  0.854887  0.863376  0.854064  0.865625  0.861684  0.859459  0.864445  0.863910  0.869362  0.864445  0.866618  0.860599  0.862040  0.862293  0.868819  0.861045  0.864386  0.863898  0.863945  0.865525  0.867941  0.867433  0.865530  0.865647  0.866237  0.867248  0.869258  0.868300  0.869046  0.869764  0.867795  0.869838  0.869336  0.870578  0.870252  0.868398  0.868618  0.870609  0.869232  0.869732  0.869143  0.869908  0.869670  0.869584  0.870459  0.870251  0.869728  0.869801  0.870358  0.870698  0.870722  0.869706  0.870786  0.870459  0.870039  0.870698  0.870459  0.870496  0.870609  0.870722  0.870698  0.870641  0.870641  0.870737  0.870764  0.870722  0.870736  0.870764  0.870786  0.870786  0.870722  0.870722  0.870786  0.870786  0.870764  0.870911  0.870786  0.870764  0.870722  0.870786  0.870786  0.870786  0.870786  0.870786  0.870908  0.870786  0.870787  0.870786 
===================================================

In thread 10

===================================================
Max = -2080.10522  Min =  0.87096   Avg = -70.33054
No. of mutations = 42518 ;  No. of x-overs = 4049
Number of Lifecyles 2 

String =
Lifecycle 1
3 0 0 1 2 1 3 1 1 1 2 1 0.974224

Lifecycle 2
1 3 2 3 2 3 1 3 3 3 2 1 0.796069


 Best ever fitness = 0.870964 from generation = 86
 Best in each gen = 90  0.000000  0.861256  0.856548  0.863119  0.863376  0.859825  0.866008  0.865200  0.862004  0.863831  0.867827  0.861442  0.863627  0.858166  0.864415  0.863534  0.865132  0.866220  0.867428  0.867234  0.863579  0.869285  0.865715  0.867632  0.867959  0.864838  0.867827  0.869732  0.866100  0.868256  0.869285  0.867235  0.869362  0.869545  0.869974  0.869277  0.870722  0.870004  0.869690  0.870176  0.869914  0.870171  0.870722  0.870252  0.870641  0.870459  0.870722  0.870722  0.870072  0.870459  0.870641  0.870641  0.870786  0.870722  0.870722  0.870722  0.870704  0.870722  0.870722  0.870722  0.870722  0.870764  0.870786  0.870698  0.870786  0.870786  0.870722  0.870764  0.870722  0.870786  0.870911  0.870786  0.870786  0.870911  0.870786  0.870911  0.870786  0.870911  0.870911  0.870911  0.870786  0.870911  0.870786  0.870911  0.870911  0.870911  0.870964  0.870911  0.870911  0.870964  0.870964 
===================================================

In thread 14

===================================================
Max = -2080.10522  Min =  0.87096   Avg = -100.95892
No. of mutations = 42568 ;  No. of x-overs = 4088
Number of Lifecyles 2 

String =
Lifecycle 1
1 0 2 2 1 2 3 0 1 2 3 0 0.770507

Lifecycle 2
1 3 2 3 2 3 1 3 3 3 2 1 0.629568


 Best ever fitness = 0.870966 from generation = 88
 Best in each gen = 90  0.000000  0.867688  0.866650  0.865896  0.864018  0.863420  0.867623  0.867215  0.865272  0.863119  0.862705  0.863266  0.866100  0.869690  0.867666  0.868610  0.868742  0.870067  0.868819  0.868629  0.870039  0.870200  0.870674  0.869285  0.868377  0.869764  0.868278  0.869773  0.869908  0.870039  0.870153  0.870786  0.870502  0.870641  0.869908  0.869469  0.870465  0.870176  0.870176  0.870641  0.870042  0.870389  0.870459  0.870641  0.870698  0.870722  0.870764  0.870722  0.870722  0.870722  0.870722  0.870786  0.870722  0.870722  0.870764  0.870722  0.870764  0.870786  0.870786  0.870764  0.870786  0.870786  0.870736  0.870786  0.870786  0.870786  0.870786  0.870786  0.870786  0.870786  0.870786  0.870786  0.870786  0.870786  0.870786  0.870786  0.870911  0.870786  0.870964  0.870964  0.870911  0.870911  0.870964  0.870911  0.870964  0.870964  0.870964  0.870964  0.870966  0.870911  0.870964 
===================================================

In thread 11

===================================================
Max = -2080.10522  Min =  0.87096   Avg = -87.55410
No. of mutations = 42685 ;  No. of x-overs = 4023
Number of Lifecyles 2 

String =
Lifecycle 1
0 2 1 1 3 2 2 1 0 1 2 1 0.974224

Lifecycle 2
1 3 2 3 2 3 1 3 3 3 2 1 0.796069


 Best ever fitness = 0.870964 from generation = 81
 Best in each gen = 90  0.000000  0.862040  0.861256  0.864181  0.863034  0.865773  0.859374  0.866346  0.862923  0.866179  0.864162  0.866390  0.866346  0.866051  0.867633  0.865575  0.866534  0.865272  0.867091  0.864976  0.865455  0.867223  0.869732  0.866515  0.868131  0.868819  0.870215  0.869202  0.869285  0.866597  0.868939  0.869914  0.869732  0.868398  0.869771  0.869930  0.870200  0.870039  0.870641  0.870459  0.869908  0.870214  0.870674  0.870698  0.870267  0.870674  0.870612  0.870722  0.870722  0.870641  0.870641  0.870698  0.870722  0.870641  0.870612  0.870722  0.870786  0.870722  0.870786  0.870737  0.870764  0.870722  0.870786  0.870786  0.870764  0.870786  0.870786  0.870911  0.870786  0.870786  0.870786  0.870786  0.870911  0.870786  0.870786  0.870786  0.870911  0.870911  0.870911  0.870911  0.870911  0.870964  0.870944  0.870964  0.870911  0.870911  0.870911  0.870911  0.870964  0.870964  0.870964 
===================================================

In thread 13

===================================================
Max = -2080.10522  Min =  0.87096   Avg = -61.61457
No. of mutations = 42241 ;  No. of x-overs = 4057
Number of Lifecyles 2 

String =
Lifecycle 1
3 3 3 2 0 1 2 1 2 3 3 3 0.974224

Lifecycle 2
1 3 2 3 2 3 1 3 3 3 2 1 0.796069


 Best ever fitness = 0.870964 from generation = 75
 Best in each gen = 90  0.000000  0.866346  0.863445  0.867623  0.866712  0.863774  0.868211  0.866036  0.866358  0.861577  0.868445  0.866753  0.868280  0.867022  0.866967  0.868787  0.869285  0.867215  0.868874  0.868528  0.868224  0.867623  0.869690  0.868632  0.869545  0.869431  0.869859  0.868398  0.869540  0.869351  0.869732  0.870072  0.869690  0.869935  0.870502  0.870641  0.869781  0.870722  0.870290  0.870042  0.870496  0.870365  0.870722  0.870786  0.870722  0.870641  0.870641  0.870722  0.870786  0.870786  0.870911  0.870736  0.870786  0.870786  0.870786  0.870737  0.870786  0.870786  0.870786  0.870764  0.870786  0.870786  0.870908  0.870786  0.870911  0.870786  0.870786  0.870786  0.870786  0.870786  0.870786  0.870911  0.870786  0.870911  0.870911  0.870964  0.870911  0.870911  0.870911  0.870911  0.870911  0.870911  0.870944  0.870911  0.870964  0.870911  0.870964  0.870964  0.870911  0.870964  0.870964 
===================================================

In thread 12

===================================================
Max = -2080.10522  Min =  0.87096   Avg = -137.23427
No. of mutations = 42263 ;  No. of x-overs = 4038
Number of Lifecyles 2 

String =
Lifecycle 1
3 0 1 1 2 3 3 1 0 1 2 1 0.974224

Lifecycle 2
1 3 2 3 2 3 1 3 3 3 2 1 0.796069


 Best ever fitness = 0.870964 from generation = 82
 Best in each gen = 90  0.000000  0.862728  0.862130  0.865600  0.860744  0.862385  0.865587  0.864569  0.862765  0.860952  0.865984  0.863108  0.868874  0.864550  0.868198  0.869978  0.867724  0.866446  0.867918  0.867576  0.867927  0.867054  0.867331  0.869285  0.867326  0.867577  0.868287  0.867877  0.869362  0.868573  0.868208  0.869294  0.869764  0.869550  0.869195  0.870042  0.869974  0.869732  0.870786  0.869732  0.870496  0.870641  0.870290  0.870265  0.870722  0.870641  0.870722  0.870641  0.870641  0.870722  0.870641  0.870704  0.870786  0.870722  0.870722  0.870786  0.870722  0.870722  0.870786  0.870786  0.870786  0.870764  0.870764  0.870786  0.870786  0.870786  0.870786  0.870786  0.870786  0.870787  0.870911  0.870911  0.870786  0.870911  0.870911  0.870911  0.870908  0.870911  0.870911  0.870911  0.870911  0.870911  0.870964  0.870964  0.870964  0.870964  0.870911  0.870964  0.870964  0.870964  0.870964 
===================================================

In thread 15

===================================================
Max = -2080.10522  Min =  0.87098   Avg = -115.91113
No. of mutations = 42661 ;  No. of x-overs = 4008
Number of Lifecyles 2 

String =
Lifecycle 1
1 1 1 2 2 2 0 0 1 2 2 1 0.979974

Lifecycle 2
1 3 2 3 2 3 1 3 3 3 2 1 0.80048


 Best ever fitness = 0.870976 from generation = 88
 Best in each gen = 90  0.000000  0.862346  0.868235  0.866194  0.868765  0.865937  0.865291  0.868819  0.867622  0.866346  0.866912  0.868819  0.869732  0.867486  0.868549  0.869764  0.869294  0.869974  0.868549  0.870039  0.869974  0.870252  0.870126  0.868405  0.870609  0.869840  0.869523  0.869908  0.870043  0.870722  0.870722  0.869908  0.870641  0.869732  0.870674  0.870698  0.870737  0.870722  0.870911  0.870786  0.870641  0.870722  0.870722  0.870786  0.870698  0.870737  0.870786  0.870786  0.870728  0.870722  0.870786  0.870786  0.870786  0.870786  0.870764  0.870736  0.870786  0.870786  0.870786  0.870786  0.870911  0.870786  0.870911  0.870911  0.870786  0.870786  0.870908  0.870911  0.870911  0.870786  0.870911  0.870964  0.870911  0.870911  0.870911  0.870911  0.870964  0.870964  0.870911  0.870964  0.870911  0.870964  0.870964  0.870964  0.870964  0.870964  0.870964  0.870964  0.870976  0.870964  0.870976 
===================================================

In thread 16

===================================================
Max = -2080.10522  Min =  0.87097   Avg = -124.03393
No. of mutations = 42288 ;  No. of x-overs = 4059
Number of Lifecyles 2 

String =
Lifecycle 1
0 3 0 0 2 0 3 0 1 2 3 0 0.979974

Lifecycle 2
1 3 2 3 2 3 1 3 3 3 2 1 0.80048


 Best ever fitness = 0.870976 from generation = 87
 Best in each gen = 90  0.000000  0.865617  0.866997  0.868591  0.868339  0.865672  0.867309  0.867656  0.869277  0.867199  0.868819  0.868819  0.868106  0.868819  0.868819  0.870722  0.868899  0.869226  0.869840  0.868642  0.869732  0.870459  0.869974  0.869950  0.869732  0.870641  0.870496  0.870267  0.870568  0.870157  0.870722  0.870722  0.870496  0.870722  0.870592  0.870698  0.870764  0.870722  0.870641  0.870722  0.870737  0.870722  0.870786  0.870736  0.870736  0.870786  0.870722  0.870786  0.870786  0.870786  0.870722  0.870786  0.870911  0.870911  0.870786  0.870786  0.870911  0.870786  0.870911  0.870908  0.870786  0.870786  0.870786  0.870911  0.870911  0.870911  0.870911  0.870911  0.870911  0.870911  0.870964  0.870911  0.870911  0.870911  0.870964  0.870911  0.870964  0.870964  0.870944  0.870944  0.870964  0.870964  0.870964  0.870964  0.870964  0.870964  0.870964  0.870976  0.870964  0.870976  0.870966 
===================================================

In thread 17

===================================================
Max = -2080.10522  Min =  0.87098   Avg = -156.15540
No. of mutations = 42250 ;  No. of x-overs = 4053
Number of Lifecyles 2 

String =
Lifecycle 1
2 3 3 0 1 2 2 0 1 2 3 2 0.979974

Lifecycle 2
1 3 2 3 2 3 1 3 3 3 2 1 0.80048


 Best ever fitness = 0.870976 from generation = 78
 Best in each gen = 90  0.000000  0.867623  0.867244  0.868198  0.865368  0.868381  0.866463  0.869362  0.867623  0.867022  0.869908  0.869908  0.869362  0.869732  0.869908  0.868316  0.870005  0.870209  0.869764  0.870153  0.868901  0.870246  0.869789  0.870641  0.870042  0.870578  0.870698  0.870609  0.870722  0.870641  0.870674  0.870786  0.870698  0.870722  0.870722  0.870641  0.870722  0.870722  0.870722  0.870764  0.870722  0.870786  0.870911  0.870786  0.870786  0.870786  0.870786  0.870786  0.870786  0.870786  0.870786  0.870722  0.870911  0.870911  0.870786  0.870786  0.870911  0.870786  0.870911  0.870911  0.870964  0.870911  0.870911  0.870964  0.870911  0.870911  0.870911  0.870964  0.870964  0.870911  0.870964  0.870964  0.870964  0.870964  0.870964  0.870964  0.870964  0.870964  0.870976  0.870964  0.870964  0.870964  0.870976  0.870976  0.870964  0.870964  0.870976  0.870976  0.870964  0.870976  0.870976 
===================================================

In thread 19

===================================================
Max = -2080.10522  Min =  0.87098   Avg = -62.11200
No. of mutations = 42730 ;  No. of x-overs = 4047
Number of Lifecyles 2 

String =
Lifecycle 1
3 1 0 3 2 0 2 2 3 3 2 2 0.979974

Lifecycle 2
1 3 2 3 2 3 1 3 3 3 2 1 0.80048


 Best ever fitness = 0.870976 from generation = 69
 Best in each gen = 90  0.000000  0.868468  0.868899  0.868616  0.869049  0.869258  0.869732  0.869893  0.869732  0.869732  0.868208  0.869927  0.870786  0.869362  0.870496  0.870459  0.870786  0.869746  0.870468  0.870251  0.870698  0.870736  0.870641  0.870172  0.870736  0.870737  0.870641  0.870641  0.870698  0.870722  0.870764  0.870722  0.870722  0.870722  0.870722  0.870786  0.870786  0.870786  0.870786  0.870786  0.870786  0.870722  0.870786  0.870786  0.870786  0.870786  0.870786  0.870786  0.870786  0.870786  0.870786  0.870911  0.870786  0.870911  0.870911  0.870911  0.870911  0.870911  0.870964  0.870911  0.870911  0.870911  0.870911  0.870964  0.870964  0.870911  0.870964  0.870964  0.870964  0.870976  0.870964  0.870964  0.870964  0.870964  0.870964  0.870964  0.870964  0.870964  0.870964  0.870976  0.870976  0.870976  0.870976  0.870976  0.870976  0.870976  0.870976  0.870976  0.870976  0.870976  0.870976 
===================================================

In thread 20

===================================================
Max = -2080.10522  Min =  0.87098   Avg = -131.28970
No. of mutations = 42809 ;  No. of x-overs = 4015
Number of Lifecyles 2 

String =
Lifecycle 1
3 1 2 1 1 3 3 2 1 3 3 3 0.979974

Lifecycle 2
1 3 2 3 2 3 1 3 3 3 2 1 0.80048


 Best ever fitness = 0.870976 from generation = 66
 Best in each gen = 90  0.000000  0.869732  0.869732  0.869545  0.868819  0.869398  0.870200  0.869114  0.868955  0.869840  0.870578  0.870251  0.869893  0.870044  0.869908  0.870641  0.870737  0.870307  0.870722  0.870209  0.870641  0.870722  0.870722  0.870641  0.870722  0.870722  0.870722  0.870736  0.870722  0.870764  0.870722  0.870722  0.870786  0.870786  0.870786  0.870722  0.870786  0.870786  0.870786  0.870786  0.870786  0.870786  0.870908  0.870786  0.870786  0.870786  0.870911  0.870911  0.870911  0.870911  0.870911  0.870786  0.870786  0.870911  0.870911  0.870911  0.870911  0.870964  0.870911  0.870911  0.870964  0.870911  0.870964  0.870944  0.870964  0.870964  0.870976  0.870964  0.870964  0.870964  0.870964  0.870964  0.870976  0.870964  0.870976  0.870964  0.870964  0.870964  0.870976  0.870976  0.870964  0.870966  0.870976  0.870976  0.870976  0.870976  0.870976  0.870976  0.870976  0.870976  0.870976 
===================================================

In thread 18

===================================================
Max = -2080.10522  Min =  0.87098   Avg = -90.44426
No. of mutations = 42422 ;  No. of x-overs = 4046
Number of Lifecyles 2 

String =
Lifecycle 1
2 3 3 0 1 0 2 0 3 2 2 3 0.979974

Lifecycle 2
1 3 2 3 2 3 1 3 3 3 2 1 0.80048


 Best ever fitness = 0.870976 from generation = 71
 Best in each gen = 90  0.000000  0.867978  0.867983  0.867080  0.863820  0.869584  0.869772  0.868064  0.868819  0.869690  0.868819  0.869789  0.869840  0.869336  0.868876  0.870176  0.870502  0.870200  0.870200  0.870698  0.869974  0.870145  0.870169  0.870722  0.870209  0.870284  0.870496  0.870764  0.870722  0.870267  0.870722  0.870786  0.870911  0.870786  0.870722  0.870722  0.870722  0.870764  0.870786  0.870722  0.870722  0.870722  0.870786  0.870786  0.870786  0.870911  0.870764  0.870786  0.870786  0.870786  0.870911  0.870911  0.870786  0.870786  0.870911  0.870786  0.870786  0.870911  0.870911  0.870911  0.870964  0.870911  0.870964  0.870964  0.870911  0.870964  0.870911  0.870964  0.870964  0.870964  0.870964  0.870976  0.870964  0.870964  0.870964  0.870964  0.870964  0.870976  0.870964  0.870976  0.870976  0.870976  0.870976  0.870976  0.870976  0.870976  0.870976  0.870976  0.870976  0.870976  0.870976 
===================================================

In thread 21

===================================================
Max = -2080.10522  Min =  0.87098   Avg = -84.01163
No. of mutations = 42299 ;  No. of x-overs = 4036
Number of Lifecyles 2 

String =
Lifecycle 1
2 3 3 0 1 0 2 2 2 3 2 2 0.979974

Lifecycle 2
1 3 2 3 2 3 1 3 3 3 2 1 0.80048


 Best ever fitness = 0.870976 from generation = 68
 Best in each gen = 90  0.000000  0.869960  0.869908  0.870200  0.870126  0.869908  0.869960  0.869732  0.869908  0.870722  0.870042  0.869805  0.870722  0.870365  0.870722  0.870500  0.870786  0.870496  0.870911  0.870641  0.870502  0.870722  0.870722  0.870737  0.870786  0.870722  0.870786  0.870786  0.870908  0.870722  0.870786  0.870722  0.870764  0.870786  0.870786  0.870786  0.870786  0.870786  0.870786  0.870786  0.870786  0.870786  0.870786  0.870786  0.870964  0.870786  0.870786  0.870786  0.870911  0.870911  0.870911  0.870911  0.870911  0.870908  0.870944  0.870911  0.870911  0.870964  0.870944  0.870964  0.870911  0.870911  0.870964  0.870964  0.870964  0.870964  0.870964  0.870964  0.870976  0.870964  0.870964  0.870964  0.870964  0.870976  0.870976  0.870964  0.870976  0.870976  0.870964  0.870976  0.870976  0.870976  0.870976  0.870976  0.870976  0.870976  0.870976  0.870976  0.870976  0.870976  0.870976 
===================================================

In thread 22

===================================================
Max = -2080.10522  Min =  0.87099   Avg = -73.62775
No. of mutations = 42425 ;  No. of x-overs = 4047
Number of Lifecyles 2 

String =
Lifecycle 1
0 1 3 0 1 3 2 1 3 1 2 1 0.980412

Lifecycle 2
1 3 2 3 2 3 1 3 3 3 2 1 0.80048


 Best ever fitness = 0.870986 from generation = 90
 Best in each gen = 90  0.000000  0.869865  0.870459  0.870228  0.869006  0.869694  0.870641  0.869826  0.870764  0.870609  0.870674  0.870761  0.870722  0.870674  0.870459  0.870764  0.870722  0.870641  0.870641  0.870722  0.870722  0.870764  0.870722  0.870722  0.870786  0.870764  0.870786  0.870786  0.870786  0.870764  0.870737  0.870736  0.870786  0.870786  0.870786  0.870786  0.870786  0.870911  0.870911  0.870786  0.870786  0.870887  0.870911  0.870911  0.870911  0.870911  0.870908  0.870911  0.870911  0.870911  0.870786  0.870911  0.870911  0.870964  0.870911  0.870964  0.870964  0.870911  0.870964  0.870964  0.870964  0.870964  0.870911  0.870964  0.870964  0.870964  0.870964  0.870964  0.870964  0.870976  0.870964  0.870976  0.870976  0.870976  0.870976  0.870964  0.870964  0.870976  0.870964  0.870976  0.870976  0.870976  0.870976  0.870976  0.870976  0.870976  0.870976  0.870976  0.870976  0.870976  0.870986 
===================================================

In thread 23

===================================================
Max = -2080.10522  Min =  0.87098   Avg = -82.39958
No. of mutations = 42203 ;  No. of x-overs = 4063
Number of Lifecyles 2 

String =
Lifecycle 1
2 1 3 1 1 2 0 0 3 1 2 1 0.979974

Lifecycle 2
1 3 2 3 2 3 1 3 3 3 2 1 0.80048


 Best ever fitness = 0.870976 from generation = 61
 Best in each gen = 90  0.000000  0.869908  0.870176  0.869908  0.870200  0.869960  0.870265  0.870496  0.870722  0.870409  0.870698  0.870641  0.870482  0.870722  0.870722  0.870764  0.870722  0.870722  0.870722  0.870786  0.870764  0.870764  0.870737  0.870786  0.870722  0.870786  0.870737  0.870728  0.870786  0.870736  0.870764  0.870911  0.870786  0.870786  0.870786  0.870786  0.870786  0.870786  0.870911  0.870786  0.870786  0.870911  0.870964  0.870911  0.870911  0.870911  0.870911  0.870911  0.870911  0.870964  0.870964  0.870964  0.870911  0.870964  0.870964  0.870964  0.870964  0.870964  0.870964  0.870964  0.870966  0.870976  0.870964  0.870964  0.870976  0.870964  0.870976  0.870976  0.870976  0.870976  0.870966  0.870976  0.870976  0.870976  0.870976  0.870976  0.870976  0.870976  0.870976  0.870976  0.870976  0.870976  0.870976  0.870976  0.870976  0.870976  0.870976  0.870976  0.870976  0.870976  0.870976 
===================================================

In thread 24

===================================================
Max = -2080.10522  Min =  0.87098   Avg = -62.52187
No. of mutations = 42433 ;  No. of x-overs = 4080
Number of Lifecyles 2 

String =
Lifecycle 1
0 1 3 0 1 3 0 1 1 1 2 1 0.980412

Lifecycle 2
1 3 2 3 2 3 1 3 3 3 2 1 0.80048


 Best ever fitness = 0.870986 from generation = 85
 Best in each gen = 90  0.000000  0.870039  0.870641  0.870641  0.870557  0.870206  0.870496  0.870722  0.870641  0.870612  0.870722  0.870722  0.870609  0.870786  0.870737  0.870722  0.870737  0.870722  0.870722  0.870722  0.870722  0.870786  0.870764  0.870786  0.870722  0.870722  0.870786  0.870786  0.870786  0.870786  0.870786  0.870786  0.870787  0.870786  0.870786  0.870786  0.870908  0.870911  0.870911  0.870786  0.870786  0.870911  0.870911  0.870911  0.870911  0.870911  0.870964  0.870964  0.870964  0.870964  0.870964  0.870964  0.870964  0.870964  0.870964  0.870964  0.870964  0.870964  0.870976  0.870976  0.870964  0.870976  0.870964  0.870976  0.870976  0.870976  0.870976  0.870976  0.870976  0.870976  0.870976  0.870976  0.870976  0.870976  0.870976  0.870976  0.870976  0.870976  0.870976  0.870976  0.870976  0.870976  0.870976  0.870976  0.870976  0.870986  0.870976  0.870976  0.870976  0.870976  0.870976 
===================================================

In thread 26

===================================================
Max = -2080.10522  Min =  0.87098   Avg = -88.10229
No. of mutations = 42454 ;  No. of x-overs = 4056
Number of Lifecyles 2 

String =
Lifecycle 1
0 1 0 0 3 2 3 1 2 3 2 1 0.980412

Lifecycle 2
1 3 2 3 2 3 1 3 3 3 2 1 0.80048


 Best ever fitness = 0.870986 from generation = 85
 Best in each gen = 90  0.000000  0.870737  0.870786  0.870459  0.870641  0.870722  0.870722  0.870722  0.870722  0.870761  0.870736  0.870786  0.870786  0.870722  0.870764  0.870722  0.870786  0.870786  0.870786  0.870786  0.870786  0.870737  0.870786  0.870786  0.870786  0.870908  0.870786  0.870786  0.870786  0.870911  0.870911  0.870786  0.870911  0.870908  0.870911  0.870786  0.870964  0.870911  0.870911  0.870964  0.870911  0.870964  0.870964  0.870964  0.870964  0.870964  0.870964  0.870964  0.870964  0.870964  0.870964  0.870964  0.870964  0.870964  0.870964  0.870964  0.870976  0.870976  0.870976  0.870976  0.870976  0.870976  0.870976  0.870976  0.870976  0.870976  0.870976  0.870976  0.870976  0.870976  0.870976  0.870976  0.870976  0.870976  0.870976  0.870976  0.870976  0.870976  0.870976  0.870976  0.870976  0.870976  0.870976  0.870976  0.870976  0.870986  0.870976  0.870976  0.870976  0.870976  0.870976 
===================================================

In thread 25

===================================================
Max = -2080.10522  Min =  0.87099   Avg = -58.64930
No. of mutations = 42705 ;  No. of x-overs = 4060
Number of Lifecyles 2 

String =
Lifecycle 1
0 1 3 0 0 3 0 3 2 3 2 3 0.980412

Lifecycle 2
1 3 2 3 2 3 1 3 3 3 2 1 0.80048


 Best ever fitness = 0.870986 from generation = 87
 Best in each gen = 90  0.000000  0.870722  0.870641  0.870641  0.870764  0.870722  0.870737  0.870641  0.870764  0.870737  0.870694  0.870722  0.870786  0.870722  0.870786  0.870698  0.870764  0.870786  0.870786  0.870722  0.870764  0.870786  0.870786  0.870786  0.870786  0.870786  0.870786  0.870786  0.870911  0.870911  0.870786  0.870786  0.870911  0.870911  0.870786  0.870911  0.870911  0.870944  0.870911  0.870911  0.870964  0.870964  0.870911  0.870911  0.870964  0.870911  0.870964  0.870911  0.870964  0.870964  0.870976  0.870964  0.870964  0.870964  0.870976  0.870964  0.870964  0.870966  0.870964  0.870976  0.870964  0.870976  0.870976  0.870976  0.870976  0.870976  0.870976  0.870976  0.870976  0.870976  0.870976  0.870976  0.870976  0.870976  0.870976  0.870976  0.870976  0.870976  0.870976  0.870976  0.870976  0.870976  0.870976  0.870976  0.870976  0.870976  0.870976  0.870986  0.870976  0.870986  0.870986 
===================================================

In thread 27

===================================================
Max = -1568.83411  Min =  0.87099   Avg = -14.85476
No. of mutations = 42872 ;  No. of x-overs = 4043
Number of Lifecyles 2 

String =
Lifecycle 1
0 1 3 0 1 3 0 3 2 3 2 3 0.980412

Lifecycle 2
1 3 2 3 2 3 1 3 3 3 2 1 0.80048


 Best ever fitness = 0.870986 from generation = 73
 Best in each gen = 90  0.000000  0.870468  0.870722  0.870698  0.870786  0.870722  0.870737  0.870761  0.870698  0.870737  0.870786  0.870780  0.870786  0.870786  0.870736  0.870764  0.870911  0.870786  0.870786  0.870786  0.870911  0.870786  0.870911  0.870786  0.870786  0.870911  0.870911  0.870911  0.870964  0.870911  0.870911  0.870911  0.870964  0.870964  0.870911  0.870964  0.870964  0.870964  0.870964  0.870964  0.870964  0.870964  0.870964  0.870964  0.870964  0.870964  0.870964  0.870964  0.870976  0.870976  0.870976  0.870964  0.870976  0.870964  0.870966  0.870976  0.870976  0.870976  0.870976  0.870976  0.870976  0.870976  0.870976  0.870976  0.870976  0.870976  0.870976  0.870976  0.870976  0.870976  0.870976  0.870976  0.870976  0.870986  0.870976  0.870976  0.870976  0.870976  0.870976  0.870976  0.870976  0.870986  0.870986  0.870976  0.870986  0.870986  0.870986  0.870986  0.870986  0.870986  0.870986 
===================================================

In thread 29

===================================================
Max = -2080.10522  Min =  0.87099   Avg = -82.88085
No. of mutations = 42582 ;  No. of x-overs = 4061
Number of Lifecyles 2 

String =
Lifecycle 1
2 1 1 3 1 0 2 1 1 2 3 1 0.980412

Lifecycle 2
1 3 2 3 2 3 1 3 3 3 2 1 0.80048


 Best ever fitness = 0.870986 from generation = 74
 Best in each gen = 90  0.000000  0.870722  0.870674  0.870786  0.870737  0.870786  0.870786  0.870722  0.870786  0.870786  0.870722  0.870786  0.870786  0.870786  0.870786  0.870786  0.870786  0.870908  0.870911  0.870911  0.870911  0.870911  0.870964  0.870786  0.870964  0.870911  0.870911  0.870964  0.870911  0.870911  0.870911  0.870911  0.870911  0.870964  0.870964  0.870911  0.870964  0.870964  0.870976  0.870976  0.870964  0.870976  0.870964  0.870964  0.870976  0.870964  0.870976  0.870976  0.870976  0.870976  0.870976  0.870976  0.870976  0.870976  0.870976  0.870976  0.870976  0.870976  0.870976  0.870976  0.870976  0.870976  0.870976  0.870976  0.870976  0.870976  0.870976  0.870976  0.870976  0.870976  0.870976  0.870976  0.870976  0.870976  0.870986  0.870976  0.870976  0.870986  0.870976  0.870986  0.870976  0.870976  0.870976  0.870986  0.870986  0.870986  0.870976  0.870986  0.870976  0.870986  0.870986 
===================================================

In thread 28

===================================================
Max = -2080.10522  Min =  0.87099   Avg = -61.58411
No. of mutations = 42852 ;  No. of x-overs = 4105
Number of Lifecyles 2 

String =
Lifecycle 1
0 1 3 0 1 3 2 1 1 1 3 1 0.980412

Lifecycle 2
1 3 2 3 2 3 1 3 3 3 2 1 0.80048


 Best ever fitness = 0.870986 from generation = 74
 Best in each gen = 90  0.000000  0.870786  0.870722  0.870737  0.870722  0.870698  0.870722  0.870786  0.870722  0.870722  0.870786  0.870786  0.870786  0.870786  0.870786  0.870786  0.870786  0.870786  0.870786  0.870786  0.870786  0.870908  0.870911  0.870911  0.870911  0.870786  0.870911  0.870911  0.870911  0.870911  0.870911  0.870964  0.870944  0.870964  0.870964  0.870964  0.870964  0.870964  0.870964  0.870964  0.870964  0.870964  0.870964  0.870976  0.870964  0.870964  0.870976  0.870976  0.870976  0.870976  0.870976  0.870966  0.870976  0.870976  0.870976  0.870976  0.870976  0.870976  0.870976  0.870976  0.870976  0.870976  0.870976  0.870976  0.870976  0.870976  0.870976  0.870976  0.870976  0.870976  0.870976  0.870976  0.870976  0.870976  0.870986  0.870976  0.870986  0.870976  0.870986  0.870986  0.870986  0.870976  0.870986  0.870986  0.870986  0.870986  0.870986  0.870986  0.870986  0.870986  0.870986 
===================================================

In thread 30

===================================================
Max = -216.38675  Min =  0.87099   Avg = -1.33030
No. of mutations = 42368 ;  No. of x-overs = 3998
Number of Lifecyles 2 

String =
Lifecycle 1
2 0 2 3 2 3 2 1 3 1 2 1 0.980412

Lifecycle 2
1 3 2 3 2 3 1 3 3 3 2 1 0.80048


 Best ever fitness = 0.870986 from generation = 75
 Best in each gen = 90  0.000000  0.870786  0.870786  0.870786  0.870722  0.870722  0.870786  0.870786  0.870786  0.870786  0.870911  0.870786  0.870911  0.870911  0.870786  0.870911  0.870944  0.870911  0.870911  0.870964  0.870911  0.870911  0.870949  0.870911  0.870964  0.870911  0.870911  0.870964  0.870964  0.870964  0.870964  0.870964  0.870964  0.870964  0.870964  0.870976  0.870964  0.870976  0.870964  0.870964  0.870964  0.870964  0.870964  0.870964  0.870964  0.870964  0.870976  0.870976  0.870976  0.870976  0.870976  0.870976  0.870976  0.870976  0.870976  0.870976  0.870976  0.870976  0.870976  0.870976  0.870976  0.870976  0.870976  0.870976  0.870976  0.870976  0.870976  0.870976  0.870976  0.870976  0.870976  0.870976  0.870976  0.870976  0.870976  0.870986  0.870976  0.870976  0.870976  0.870976  0.870976  0.870976  0.870976  0.870986  0.870986  0.870986  0.870986  0.870986  0.870986  0.870986  0.870986 
===================================================

In thread 31

===================================================
Max = -1195.33704  Min =  0.87099   Avg = -12.33642
No. of mutations = 42465 ;  No. of x-overs = 4066
Number of Lifecyles 2 

String =
Lifecycle 1
3 3 0 0 0 3 2 2 3 0 1 3 0.980412

Lifecycle 2
1 3 2 3 2 3 1 3 3 3 2 1 0.80048


 Best ever fitness = 0.870986 from generation = 64
 Best in each gen = 90  0.000000  0.870786  0.870786  0.870737  0.870786  0.870786  0.870786  0.870786  0.870786  0.870786  0.870786  0.870786  0.870911  0.870911  0.870911  0.870911  0.870911  0.870911  0.870964  0.870911  0.870911  0.870911  0.870964  0.870964  0.870911  0.870964  0.870911  0.870964  0.870964  0.870964  0.870964  0.870964  0.870964  0.870964  0.870964  0.870964  0.870964  0.870976  0.870964  0.870976  0.870976  0.870976  0.870976  0.870976  0.870976  0.870976  0.870976  0.870976  0.870976  0.870976  0.870976  0.870976  0.870976  0.870976  0.870976  0.870976  0.870976  0.870976  0.870976  0.870976  0.870976  0.870976  0.870976  0.870976  0.870986  0.870976  0.870976  0.870976  0.870976  0.870986  0.870976  0.870976  0.870986  0.870986  0.870986  0.870986  0.870986  0.870986  0.870986  0.870986  0.870986  0.870986  0.870986  0.870986  0.870986  0.870986  0.870986  0.870986  0.870986  0.870986  0.870986 
===================================================

In thread 32

===================================================
Max = -2080.10522  Min =  0.87099   Avg = -94.14805
No. of mutations = 42501 ;  No. of x-overs = 4032
Number of Lifecyles 2 

String =
Lifecycle 1
0 1 3 0 1 3 2 1 1 1 2 1 0.980412

Lifecycle 2
1 3 2 3 2 3 1 3 3 3 2 1 0.80048


 Best ever fitness = 0.870986 from generation = 58
 Best in each gen = 90  0.000000  0.870911  0.870908  0.870786  0.870786  0.870786  0.870786  0.870786  0.870911  0.870911  0.870911  0.870908  0.870911  0.870911  0.870911  0.870911  0.870911  0.870964  0.870911  0.870964  0.870911  0.870964  0.870964  0.870976  0.870964  0.870964  0.870964  0.870964  0.870976  0.870964  0.870976  0.870976  0.870976  0.870964  0.870976  0.870964  0.870976  0.870976  0.870976  0.870976  0.870976  0.870976  0.870976  0.870976  0.870976  0.870976  0.870976  0.870976  0.870976  0.870976  0.870976  0.870976  0.870976  0.870976  0.870976  0.870976  0.870976  0.870976  0.870986  0.870976  0.870986  0.870976  0.870986  0.870976  0.870976  0.870986  0.870986  0.870986  0.870986  0.870986  0.870986  0.870976  0.870986  0.870986  0.870986  0.870986  0.870986  0.870986  0.870986  0.870986  0.870986  0.870986  0.870986  0.870986  0.870986  0.870986  0.870986  0.870986  0.870986  0.870986  0.870986 
===================================================

In thread 33

===================================================
Max = -2080.10522  Min =  0.87099   Avg = -63.87622
No. of mutations = 42635 ;  No. of x-overs = 4022
Number of Lifecyles 2 

String =
Lifecycle 1
0 1 3 0 1 3 2 0 3 1 2 1 0.980412

Lifecycle 2
1 3 2 3 2 3 1 3 3 3 2 1 0.80048


 Best ever fitness = 0.870986 from generation = 53
 Best in each gen = 90  0.000000  0.870911  0.870786  0.870911  0.870786  0.870786  0.870911  0.870911  0.870911  0.870911  0.870911  0.870911  0.870911  0.870911  0.870964  0.870964  0.870964  0.870964  0.870964  0.870964  0.870964  0.870964  0.870964  0.870964  0.870964  0.870964  0.870964  0.870976  0.870964  0.870966  0.870976  0.870976  0.870976  0.870976  0.870976  0.870976  0.870976  0.870976  0.870976  0.870976  0.870976  0.870976  0.870976  0.870976  0.870976  0.870976  0.870976  0.870976  0.870976  0.870976  0.870976  0.870976  0.870976  0.870986  0.870976  0.870976  0.870986  0.870976  0.870976  0.870976  0.870976  0.870976  0.870986  0.870986  0.870976  0.870986  0.870986  0.870986  0.870986  0.870986  0.870986  0.870986  0.870986  0.870986  0.870986  0.870986  0.870986  0.870986  0.870986  0.870986  0.870986  0.870986  0.870986  0.870986  0.870986  0.870986  0.870986  0.870986  0.870986  0.870986  0.870986 
===================================================

In thread 34

===================================================
Max = -2080.10522  Min =  0.87099   Avg = -40.76143
No. of mutations = 42351 ;  No. of x-overs = 4064
Number of Lifecyles 2 

String =
Lifecycle 1
0 1 3 0 1 3 2 1 3 1 2 1 0.980412

Lifecycle 2
1 3 2 3 2 3 1 3 3 3 2 1 0.80048


 Best ever fitness = 0.870986 from generation = 55
 Best in each gen = 90  0.000000  0.870786  0.870786  0.870786  0.870911  0.870911  0.870786  0.870911  0.870911  0.870911  0.870911  0.870911  0.870964  0.870911  0.870964  0.870911  0.870964  0.870964  0.870976  0.870964  0.870964  0.870964  0.870964  0.870964  0.870976  0.870976  0.870964  0.870964  0.870976  0.870976  0.870976  0.870976  0.870976  0.870976  0.870976  0.870976  0.870976  0.870976  0.870976  0.870976  0.870976  0.870976  0.870976  0.870976  0.870976  0.870976  0.870976  0.870976  0.870976  0.870976  0.870976  0.870976  0.870976  0.870976  0.870976  0.870986  0.870976  0.870986  0.870976  0.870986  0.870976  0.870986  0.870986  0.870986  0.870986  0.870986  0.870986  0.870986  0.870986  0.870986  0.870986  0.870986  0.870986  0.870986  0.870986  0.870986  0.870986  0.870986  0.870986  0.870986  0.870986  0.870986  0.870986  0.870986  0.870986  0.870986  0.870986  0.870986  0.870986  0.870986  0.870986 
===================================================

In thread 35

===================================================
Max = -2080.10522  Min =  0.87099   Avg = -129.56740
No. of mutations = 42591 ;  No. of x-overs = 4092
Number of Lifecyles 2 

String =
Lifecycle 1
1 1 3 2 3 3 2 1 1 1 2 1 0.980412

Lifecycle 2
1 3 2 3 2 3 1 3 3 3 2 1 0.80048


 Best ever fitness = 0.870986 from generation = 52
 Best in each gen = 90  0.000000  0.870964  0.870944  0.870911  0.870911  0.870786  0.870911  0.870964  0.870964  0.870911  0.870964  0.870911  0.870964  0.870964  0.870964  0.870964  0.870964  0.870964  0.870976  0.870964  0.870964  0.870966  0.870976  0.870976  0.870976  0.870976  0.870976  0.870976  0.870976  0.870976  0.870976  0.870976  0.870976  0.870976  0.870976  0.870976  0.870976  0.870976  0.870976  0.870976  0.870976  0.870976  0.870976  0.870976  0.870976  0.870976  0.870976  0.870976  0.870976  0.870976  0.870976  0.870976  0.870986  0.870986  0.870976  0.870976  0.870986  0.870976  0.870986  0.870986  0.870986  0.870986  0.870986  0.870986  0.870986  0.870986  0.870986  0.870986  0.870986  0.870986  0.870986  0.870986  0.870986  0.870986  0.870986  0.870986  0.870986  0.870986  0.870986  0.870986  0.870986  0.870986  0.870986  0.870986  0.870986  0.870986  0.870986  0.870986  0.870986  0.870986  0.870986 
===================================================

In thread 36

===================================================
Max = -2080.10522  Min =  0.87099   Avg = -59.44742
No. of mutations = 42289 ;  No. of x-overs = 4033
Number of Lifecyles 2 

String =
Lifecycle 1
2 0 2 3 2 2 2 1 3 1 2 1 0.980412

Lifecycle 2
1 3 2 3 2 3 1 3 3 3 2 1 0.80048


 Best ever fitness = 0.870986 from generation = 48
 Best in each gen = 90  0.000000  0.870976  0.870964  0.870964  0.870964  0.870964  0.870911  0.870964  0.870964  0.870964  0.870964  0.870964  0.870964  0.870964  0.870976  0.870964  0.870964  0.870964  0.870964  0.870976  0.870964  0.870964  0.870976  0.870966  0.870976  0.870976  0.870976  0.870976  0.870976  0.870976  0.870976  0.870976  0.870976  0.870976  0.870976  0.870976  0.870976  0.870976  0.870976  0.870976  0.870976  0.870976  0.870976  0.870976  0.870976  0.870976  0.870976  0.870976  0.870986  0.870976  0.870976  0.870976  0.870976  0.870986  0.870976  0.870986  0.870986  0.870986  0.870986  0.870986  0.870986  0.870986  0.870986  0.870986  0.870986  0.870986  0.870986  0.870986  0.870986  0.870986  0.870986  0.870986  0.870986  0.870986  0.870986  0.870986  0.870986  0.870986  0.870986  0.870986  0.870986  0.870986  0.870986  0.870986  0.870986  0.870986  0.870986  0.870986  0.870986  0.870986  0.870986 
===================================================

In thread 37

===================================================
Max = -2080.10522  Min =  0.87099   Avg = -40.76928
No. of mutations = 42543 ;  No. of x-overs = 4071
Number of Lifecyles 2 

String =
Lifecycle 1
0 1 3 0 0 1 0 0 1 3 2 3 0.980412

Lifecycle 2
1 3 2 3 2 3 1 3 3 3 2 1 0.80048


 Best ever fitness = 0.870986 from generation = 41
 Best in each gen = 90  0.000000  0.870911  0.870964  0.870964  0.870964  0.870964  0.870964  0.870964  0.870964  0.870964  0.870964  0.870976  0.870964  0.870964  0.870964  0.870964  0.870964  0.870964  0.870976  0.870976  0.870976  0.870976  0.870976  0.870976  0.870976  0.870976  0.870976  0.870976  0.870976  0.870976  0.870976  0.870976  0.870976  0.870976  0.870976  0.870976  0.870976  0.870976  0.870976  0.870976  0.870976  0.870986  0.870976  0.870976  0.870976  0.870976  0.870976  0.870976  0.870976  0.870976  0.870976  0.870986  0.870986  0.870986  0.870986  0.870986  0.870986  0.870986  0.870986  0.870986  0.870986  0.870986  0.870986  0.870986  0.870986  0.870986  0.870986  0.870986  0.870986  0.870986  0.870986  0.870986  0.870986  0.870986  0.870986  0.870986  0.870986  0.870986  0.870986  0.870986  0.870986  0.870986  0.870986  0.870986  0.870986  0.870986  0.870986  0.870986  0.870986  0.870986  0.870986 
===================================================

In thread 38

===================================================
Max = -2080.10522  Min =  0.87099   Avg = -40.75606
No. of mutations = 42571 ;  No. of x-overs = 4071
Number of Lifecyles 2 

String =
Lifecycle 1
0 1 3 0 0 3 0 3 2 3 2 3 0.980412

Lifecycle 2
1 3 2 3 2 3 1 3 3 3 2 1 0.80048


 Best ever fitness = 0.870986 from generation = 47
 Best in each gen = 90  0.000000  0.870964  0.870964  0.870964  0.870964  0.870964  0.870964  0.870964  0.870964  0.870976  0.870976  0.870966  0.870976  0.870976  0.870976  0.870976  0.870976  0.870976  0.870976  0.870976  0.870976  0.870976  0.870976  0.870976  0.870976  0.870976  0.870976  0.870976  0.870976  0.870976  0.870976  0.870976  0.870976  0.870976  0.870976  0.870976  0.870976  0.870976  0.870976  0.870976  0.870976  0.870976  0.870976  0.870976  0.870976  0.870976  0.870976  0.870986  0.870986  0.870986  0.870986  0.870986  0.870986  0.870986  0.870986  0.870986  0.870986  0.870986  0.870986  0.870986  0.870986  0.870986  0.870986  0.870986  0.870986  0.870986  0.870986  0.870986  0.870986  0.870986  0.870986  0.870986  0.870986  0.870986  0.870986  0.870986  0.870986  0.870986  0.870986  0.870986  0.870986  0.870986  0.870986  0.870986  0.870986  0.870986  0.870986  0.870986  0.870986  0.870986  0.870986 
===================================================

In thread 39

===================================================
Max = -2080.10522  Min =  0.87099   Avg = -71.12667
No. of mutations = 42488 ;  No. of x-overs = 4052
Number of Lifecyles 2 

String =
Lifecycle 1
3 0 1 1 2 3 3 3 1 3 3 1 0.980412

Lifecycle 2
1 3 2 3 2 3 1 3 3 3 2 1 0.80048


 Best ever fitness = 0.870986 from generation = 35
 Best in each gen = 90  0.000000  0.870964  0.870976  0.870964  0.870964  0.870964  0.870964  0.870964  0.870976  0.870976  0.870976  0.870964  0.870976  0.870976  0.870976  0.870976  0.870976  0.870976  0.870976  0.870976  0.870976  0.870976  0.870976  0.870976  0.870976  0.870976  0.870976  0.870976  0.870976  0.870976  0.870976  0.870976  0.870976  0.870976  0.870976  0.870986  0.870976  0.870976  0.870976  0.870976  0.870976  0.870986  0.870986  0.870986  0.870986  0.870986  0.870986  0.870986  0.870986  0.870986  0.870986  0.870986  0.870986  0.870986  0.870986  0.870986  0.870986  0.870986  0.870986  0.870986  0.870986  0.870986  0.870986  0.870986  0.870986  0.870986  0.870986  0.870986  0.870986  0.870986  0.870986  0.870986  0.870986  0.870986  0.870986  0.870986  0.870986  0.870986  0.870986  0.870986  0.870986  0.870986  0.870986  0.870986  0.870986  0.870986  0.870986  0.870986  0.870986  0.870986  0.870986 
===================================================

In thread 40

===================================================
Max = -2080.10522  Min =  0.87099   Avg = -32.61720
No. of mutations = 42267 ;  No. of x-overs = 4056
Number of Lifecyles 2 

String =
Lifecycle 1
0 1 3 3 0 1 2 1 2 3 3 1 0.980412

Lifecycle 2
1 3 2 3 2 3 1 3 3 3 2 1 0.80048


 Best ever fitness = 0.870986 from generation = 36
 Best in each gen = 90  0.000000  0.870964  0.870976  0.870976  0.870976  0.870976  0.870976  0.870966  0.870976  0.870976  0.870976  0.870976  0.870976  0.870976  0.870976  0.870976  0.870976  0.870976  0.870976  0.870976  0.870976  0.870976  0.870976  0.870976  0.870976  0.870976  0.870976  0.870976  0.870976  0.870976  0.870976  0.870976  0.870976  0.870976  0.870976  0.870976  0.870986  0.870976  0.870976  0.870986  0.870986  0.870986  0.870986  0.870986  0.870986  0.870986  0.870986  0.870986  0.870986  0.870986  0.870986  0.870986  0.870986  0.870986  0.870986  0.870986  0.870986  0.870986  0.870986  0.870986  0.870986  0.870986  0.870986  0.870986  0.870986  0.870986  0.870986  0.870986  0.870986  0.870986  0.870986  0.870986  0.870986  0.870986  0.870986  0.870986  0.870986  0.870986  0.870986  0.870986  0.870986  0.870986  0.870986  0.870986  0.870986  0.870986  0.870986  0.870986  0.870986  0.870986  0.870986 
===================================================

In thread 42

===================================================
Max = -2080.10522  Min =  0.87099   Avg = -19.95258
No. of mutations = 42206 ;  No. of x-overs = 4051
Number of Lifecyles 2 

String =
Lifecycle 1
3 3 3 2 3 0 0 1 0 3 3 1 0.980412

Lifecycle 2
1 3 2 3 2 3 1 3 3 3 2 1 0.80048


 Best ever fitness = 0.870986 from generation = 26
 Best in each gen = 90  0.000000  0.870976  0.870976  0.870976  0.870976  0.870976  0.870976  0.870976  0.870976  0.870976  0.870976  0.870976  0.870976  0.870976  0.870976  0.870976  0.870976  0.870976  0.870976  0.870976  0.870976  0.870976  0.870976  0.870976  0.870976  0.870976  0.870986  0.870986  0.870986  0.870986  0.870986  0.870986  0.870986  0.870986  0.870986  0.870986  0.870986  0.870986  0.870986  0.870986  0.870986  0.870986  0.870986  0.870986  0.870986  0.870986  0.870986  0.870986  0.870986  0.870986  0.870986  0.870986  0.870986  0.870986  0.870986  0.870986  0.870986  0.870986  0.870986  0.870986  0.870986  0.870986  0.870986  0.870986  0.870986  0.870986  0.870986  0.870986  0.870986  0.870986  0.870986  0.870986  0.870986  0.870986  0.870986  0.870986  0.870986  0.870986  0.870986  0.870986  0.870986  0.870986  0.870986  0.870986  0.870986  0.870986  0.870986  0.870986  0.870986  0.870986  0.870986 
===================================================

In thread 41

===================================================
Max = -2080.10522  Min =  0.87099   Avg = -45.63630
No. of mutations = 42642 ;  No. of x-overs = 3999
Number of Lifecyles 2 

String =
Lifecycle 1
0 1 3 0 1 3 1 3 2 3 2 3 0.980412

Lifecycle 2
1 3 2 3 2 3 1 3 3 3 2 1 0.80048


 Best ever fitness = 0.870986 from generation = 27
 Best in each gen = 90  0.000000  0.870976  0.870976  0.870976  0.870976  0.870976  0.870976  0.870976  0.870976  0.870976  0.870976  0.870976  0.870976  0.870976  0.870976  0.870976  0.870976  0.870976  0.870976  0.870976  0.870976  0.870976  0.870976  0.870976  0.870976  0.870976  0.870976  0.870986  0.870976  0.870976  0.870976  0.870976  0.870976  0.870986  0.870986  0.870986  0.870986  0.870986  0.870986  0.870986  0.870986  0.870986  0.870986  0.870986  0.870986  0.870986  0.870986  0.870986  0.870986  0.870986  0.870986  0.870986  0.870986  0.870986  0.870986  0.870986  0.870986  0.870986  0.870986  0.870986  0.870986  0.870986  0.870986  0.870986  0.870986  0.870986  0.870986  0.870986  0.870986  0.870986  0.870986  0.870986  0.870986  0.870986  0.870986  0.870986  0.870986  0.870986  0.870986  0.870986  0.870986  0.870986  0.870986  0.870986  0.870986  0.870986  0.870986  0.870986  0.870986  0.870986  0.870986 
===================================================

In thread 45

===================================================
Max = -2080.10522  Min =  0.87099   Avg = -40.76868
No. of mutations = 42132 ;  No. of x-overs = 4043
Number of Lifecyles 2 

String =
Lifecycle 1
1 3 1 0 2 2 2 1 1 1 2 1 0.980412

Lifecycle 2
1 3 2 3 2 3 1 3 3 3 2 1 0.80048


 Best ever fitness = 0.870986 from generation = 16
 Best in each gen = 90  0.000000  0.870976  0.870976  0.870976  0.870976  0.870976  0.870976  0.870976  0.870976  0.870976  0.870976  0.870976  0.870976  0.870976  0.870976  0.870976  0.870986  0.870976  0.870976  0.870986  0.870986  0.870986  0.870986  0.870986  0.870986  0.870986  0.870986  0.870986  0.870986  0.870986  0.870986  0.870986  0.870986  0.870986  0.870986  0.870986  0.870986  0.870986  0.870986  0.870986  0.870986  0.870986  0.870986  0.870986  0.870986  0.870986  0.870986  0.870986  0.870986  0.870986  0.870986  0.870986  0.870986  0.870986  0.870986  0.870986  0.870986  0.870986  0.870986  0.870986  0.870986  0.870986  0.870986  0.870986  0.870986  0.870986  0.870986  0.870986  0.870986  0.870986  0.870986  0.870986  0.870986  0.870986  0.870986  0.870986  0.870986  0.870986  0.870986  0.870986  0.870986  0.870986  0.870986  0.870986  0.870986  0.870986  0.870986  0.870986  0.870986  0.870986  0.870986 
===================================================

In thread 43

===================================================
Max =  0.49152  Min =  0.87099   Avg =  0.85469
No. of mutations = 42426 ;  No. of x-overs = 4036
Number of Lifecyles 2 

String =
Lifecycle 1
2 3 2 2 3 3 2 1 1 1 2 1 0.980412

Lifecycle 2
1 3 2 3 2 3 1 3 3 3 2 1 0.80048


 Best ever fitness = 0.870986 from generation = 23
 Best in each gen = 90  0.000000  0.870976  0.870976  0.870976  0.870976  0.870976  0.870976  0.870976  0.870976  0.870976  0.870976  0.870976  0.870976  0.870976  0.870976  0.870976  0.870976  0.870976  0.870976  0.870976  0.870976  0.870976  0.870976  0.870986  0.870986  0.870986  0.870976  0.870986  0.870986  0.870986  0.870986  0.870986  0.870986  0.870986  0.870986  0.870986  0.870986  0.870986  0.870986  0.870986  0.870986  0.870986  0.870986  0.870986  0.870986  0.870986  0.870986  0.870986  0.870986  0.870986  0.870986  0.870986  0.870986  0.870986  0.870986  0.870986  0.870986  0.870986  0.870986  0.870986  0.870986  0.870986  0.870986  0.870986  0.870986  0.870986  0.870986  0.870986  0.870986  0.870986  0.870986  0.870986  0.870986  0.870986  0.870986  0.870986  0.870986  0.870986  0.870986  0.870986  0.870986  0.870986  0.870986  0.870986  0.870986  0.870986  0.870986  0.870986  0.870986  0.870986  0.870986 
===================================================

In thread 44

===================================================
Max = -2080.10522  Min =  0.87099   Avg = -19.95400
No. of mutations = 42490 ;  No. of x-overs = 4034
Number of Lifecyles 2 

String =
Lifecycle 1
2 2 2 3 2 3 3 3 1 3 3 1 0.980412

Lifecycle 2
1 3 2 3 2 3 1 3 3 3 2 1 0.80048


 Best ever fitness = 0.870986 from generation = 16
 Best in each gen = 90  0.000000  0.870976  0.870976  0.870976  0.870976  0.870976  0.870976  0.870976  0.870976  0.870976  0.870976  0.870976  0.870976  0.870976  0.870976  0.870976  0.870986  0.870976  0.870976  0.870976  0.870976  0.870986  0.870976  0.870986  0.870986  0.870986  0.870986  0.870986  0.870986  0.870986  0.870986  0.870986  0.870986  0.870986  0.870986  0.870986  0.870986  0.870986  0.870986  0.870986  0.870986  0.870986  0.870986  0.870986  0.870986  0.870986  0.870986  0.870986  0.870986  0.870986  0.870986  0.870986  0.870986  0.870986  0.870986  0.870986  0.870986  0.870986  0.870986  0.870986  0.870986  0.870986  0.870986  0.870986  0.870986  0.870986  0.870986  0.870986  0.870986  0.870986  0.870986  0.870986  0.870986  0.870986  0.870986  0.870986  0.870986  0.870986  0.870986  0.870986  0.870986  0.870986  0.870986  0.870986  0.870986  0.870986  0.870986  0.870986  0.870986  0.870986  0.870986 
===================================================

In thread 46

===================================================
Max = -2080.10522  Min =  0.87099   Avg = -40.76771
No. of mutations = 42451 ;  No. of x-overs = 4030
Number of Lifecyles 2 

String =
Lifecycle 1
1 1 1 1 1 1 3 1 0 1 3 1 0.980412

Lifecycle 2
1 3 2 3 2 3 1 3 3 3 2 1 0.80048


 Best ever fitness = 0.870986 from generation = 11
 Best in each gen = 90  0.000000  0.870976  0.870976  0.870976  0.870976  0.870976  0.870976  0.870976  0.870976  0.870976  0.870976  0.870986  0.870976  0.870976  0.870976  0.870976  0.870986  0.870976  0.870986  0.870986  0.870986  0.870986  0.870986  0.870986  0.870986  0.870986  0.870986  0.870986  0.870986  0.870986  0.870986  0.870986  0.870986  0.870986  0.870986  0.870986  0.870986  0.870986  0.870986  0.870986  0.870986  0.870986  0.870986  0.870986  0.870986  0.870986  0.870986  0.870986  0.870986  0.870986  0.870986  0.870986  0.870986  0.870986  0.870986  0.870986  0.870986  0.870986  0.870986  0.870986  0.870986  0.870986  0.870986  0.870986  0.870986  0.870986  0.870986  0.870986  0.870986  0.870986  0.870986  0.870986  0.870986  0.870986  0.870986  0.870986  0.870986  0.870986  0.870986  0.870986  0.870986  0.870986  0.870986  0.870986  0.870986  0.870986  0.870986  0.870986  0.870986  0.870986  0.870986 
===================================================

In thread 48

===================================================
Max =  0.51874  Min =  0.87099   Avg =  0.86361
No. of mutations = 42444 ;  No. of x-overs = 4070
Number of Lifecyles 2 

String =
Lifecycle 1
0 1 3 0 1 3 0 3 2 3 2 3 0.980412

Lifecycle 2
1 3 2 3 2 3 1 3 3 3 2 1 0.80048


 Best ever fitness = 0.870986 from generation = 7
 Best in each gen = 90  0.000000  0.870976  0.870976  0.870976  0.870976  0.870976  0.870976  0.870986  0.870986  0.870976  0.870976  0.870986  0.870976  0.870986  0.870986  0.870986  0.870986  0.870986  0.870986  0.870986  0.870986  0.870986  0.870986  0.870986  0.870986  0.870986  0.870986  0.870986  0.870986  0.870986  0.870986  0.870986  0.870986  0.870986  0.870986  0.870986  0.870986  0.870986  0.870986  0.870986  0.870986  0.870986  0.870986  0.870986  0.870986  0.870986  0.870986  0.870986  0.870986  0.870986  0.870986  0.870986  0.870986  0.870986  0.870986  0.870986  0.870986  0.870986  0.870986  0.870986  0.870986  0.870986  0.870986  0.870986  0.870986  0.870986  0.870986  0.870986  0.870986  0.870986  0.870986  0.870986  0.870986  0.870986  0.870986  0.870986  0.870986  0.870986  0.870986  0.870986  0.870986  0.870986  0.870986  0.870986  0.870986  0.870986  0.870986  0.870986  0.870986  0.870986  0.870986 
===================================================

In thread 47

===================================================
Max = -2080.10522  Min =  0.87099   Avg = -19.96125
No. of mutations = 42290 ;  No. of x-overs = 4005
Number of Lifecyles 2 

String =
Lifecycle 1
0 1 3 0 3 3 2 3 3 1 2 1 0.980412

Lifecycle 2
1 3 2 3 2 3 1 3 3 3 2 1 0.80048


 Best ever fitness = 0.870986 from generation = 8
 Best in each gen = 90  0.000000  0.870976  0.870976  0.870976  0.870976  0.870976  0.870976  0.870976  0.870986  0.870976  0.870986  0.870976  0.870986  0.870986  0.870986  0.870986  0.870986  0.870986  0.870986  0.870986  0.870986  0.870986  0.870986  0.870986  0.870986  0.870986  0.870986  0.870986  0.870986  0.870986  0.870986  0.870986  0.870986  0.870986  0.870986  0.870986  0.870986  0.870986  0.870986  0.870986  0.870986  0.870986  0.870986  0.870986  0.870986  0.870986  0.870986  0.870986  0.870986  0.870986  0.870986  0.870986  0.870986  0.870986  0.870986  0.870986  0.870986  0.870986  0.870986  0.870986  0.870986  0.870986  0.870986  0.870986  0.870986  0.870986  0.870986  0.870986  0.870986  0.870986  0.870986  0.870986  0.870986  0.870986  0.870986  0.870986  0.870986  0.870986  0.870986  0.870986  0.870986  0.870986  0.870986  0.870986  0.870986  0.870986  0.870986  0.870986  0.870986  0.870986  0.870986 
===================================================

In thread 49

===================================================
Max = -2080.10522  Min =  0.87099   Avg = -40.76871
No. of mutations = 42713 ;  No. of x-overs = 4073
Number of Lifecyles 2 

String =
Lifecycle 1
2 1 0 0 3 2 3 1 2 3 2 1 0.980412

Lifecycle 2
1 3 2 3 2 3 1 3 3 3 2 1 0.80048


 Best ever fitness = 0.870986 from generation = 1
 Best in each gen = 90  0.000000  0.870986  0.870986  0.870986  0.870986  0.870986  0.870986  0.870986  0.870986  0.870986  0.870986  0.870986  0.870986  0.870986  0.870986  0.870986  0.870986  0.870986  0.870986  0.870986  0.870986  0.870986  0.870986  0.870986  0.870986  0.870986  0.870986  0.870986  0.870986  0.870986  0.870986  0.870986  0.870986  0.870986  0.870986  0.870986  0.870986  0.870986  0.870986  0.870986  0.870986  0.870986  0.870986  0.870986  0.870986  0.870986  0.870986  0.870986  0.870986  0.870986  0.870986  0.870986  0.870986  0.870986  0.870986  0.870986  0.870986  0.870986  0.870986  0.870986  0.870986  0.870986  0.870986  0.870986  0.870986  0.870986  0.870986  0.870986  0.870986  0.870986  0.870986  0.870986  0.870986  0.870986  0.870986  0.870986  0.870986  0.870986  0.870986  0.870986  0.870986  0.870986  0.870986  0.870986  0.870986  0.870986  0.870986  0.870986  0.870986  0.870986  0.870986 
===================================================

In thread 50

===================================================
Max = -2080.10522  Min =  0.87099   Avg = -51.21118
No. of mutations = 42665 ;  No. of x-overs = 4075
Number of Lifecyles 2 

String =
Lifecycle 1
2 1 0 0 2 2 1 1 0 1 1 1 0.980412

Lifecycle 2
1 3 2 3 2 3 1 3 3 3 2 1 0.80048


 Best ever fitness = 0.870986 from generation = 2
 Best in each gen = 90  0.000000  0.870976  0.870986  0.870986  0.870986  0.870986  0.870986  0.870986  0.870986  0.870986  0.870986  0.870986  0.870986  0.870986  0.870986  0.870986  0.870986  0.870986  0.870986  0.870986  0.870986  0.870986  0.870986  0.870986  0.870986  0.870986  0.870986  0.870986  0.870986  0.870986  0.870986  0.870986  0.870986  0.870986  0.870986  0.870986  0.870986  0.870986  0.870986  0.870986  0.870986  0.870986  0.870986  0.870986  0.870986  0.870986  0.870986  0.870986  0.870986  0.870986  0.870986  0.870986  0.870986  0.870986  0.870986  0.870986  0.870986  0.870986  0.870986  0.870986  0.870986  0.870986  0.870986  0.870986  0.870986  0.870986  0.870986  0.870986  0.870986  0.870986  0.870986  0.870986  0.870986  0.870986  0.870986  0.870986  0.870986  0.870986  0.870986  0.870986  0.870986  0.870986  0.870986  0.870986  0.870986  0.870986  0.870986  0.870986  0.870986  0.870986  0.870986 
===================================================

In thread 51

===================================================
Max = -2080.10522  Min =  0.87099   Avg = -59.11221
No. of mutations = 42689 ;  No. of x-overs = 4076
Number of Lifecyles 2 

String =
Lifecycle 1
3 0 1 1 0 2 3 1 0 1 3 1 0.980412

Lifecycle 2
1 3 2 3 2 3 1 3 3 3 2 1 0.80048


 Best ever fitness = 0.870986 from generation = 1
 Best in each gen = 90  0.000000  0.870986  0.870986  0.870986  0.870986  0.870986  0.870986  0.870986  0.870986  0.870986  0.870986  0.870986  0.870986  0.870986  0.870986  0.870986  0.870986  0.870986  0.870986  0.870986  0.870986  0.870986  0.870986  0.870986  0.870986  0.870986  0.870986  0.870986  0.870986  0.870986  0.870986  0.870986  0.870986  0.870986  0.870986  0.870986  0.870986  0.870986  0.870986  0.870986  0.870986  0.870986  0.870986  0.870986  0.870986  0.870986  0.870986  0.870986  0.870986  0.870986  0.870986  0.870986  0.870986  0.870986  0.870986  0.870986  0.870986  0.870986  0.870986  0.870986  0.870986  0.870986  0.870986  0.870986  0.870986  0.870986  0.870986  0.870986  0.870986  0.870986  0.870986  0.870986  0.870986  0.870986  0.870986  0.870986  0.870986  0.870986  0.870986  0.870986  0.870986  0.870986  0.870986  0.870986  0.870986  0.870986  0.870986  0.870986  0.870986  0.870986  0.870986 
===================================================

In thread 52

===================================================
Max =  0.55043  Min =  0.87099   Avg =  0.86089
No. of mutations = 42303 ;  No. of x-overs = 4084
Number of Lifecyles 2 

String =
Lifecycle 1
0 1 1 0 0 1 3 0 0 3 2 3 0.980412

Lifecycle 2
1 3 2 3 2 3 1 3 3 3 2 1 0.80048


 Best ever fitness = 0.870986 from generation = 1
 Best in each gen = 90  0.000000  0.870986  0.870986  0.870986  0.870986  0.870986  0.870986  0.870986  0.870986  0.870986  0.870986  0.870986  0.870986  0.870986  0.870986  0.870986  0.870986  0.870986  0.870986  0.870986  0.870986  0.870986  0.870986  0.870986  0.870986  0.870986  0.870986  0.870986  0.870986  0.870986  0.870986  0.870986  0.870986  0.870986  0.870986  0.870986  0.870986  0.870986  0.870986  0.870986  0.870986  0.870986  0.870986  0.870986  0.870986  0.870986  0.870986  0.870986  0.870986  0.870986  0.870986  0.870986  0.870986  0.870986  0.870986  0.870986  0.870986  0.870986  0.870986  0.870986  0.870986  0.870986  0.870986  0.870986  0.870986  0.870986  0.870986  0.870986  0.870986  0.870986  0.870986  0.870986  0.870986  0.870986  0.870986  0.870986  0.870986  0.870986  0.870986  0.870986  0.870986  0.870986  0.870986  0.870986  0.870986  0.870986  0.870986  0.870986  0.870986  0.870986  0.870986 
===================================================

In thread 53

===================================================
Max = -2080.10522  Min =  0.87099   Avg = -54.47191
No. of mutations = 42607 ;  No. of x-overs = 4070
Number of Lifecyles 2 

String =
Lifecycle 1
1 1 3 3 0 3 2 1 2 3 3 3 0.980412

Lifecycle 2
1 3 2 3 2 3 1 3 3 3 2 1 0.80048


 Best ever fitness = 0.870986 from generation = 1
 Best in each gen = 90  0.000000  0.870986  0.870986  0.870986  0.870986  0.870986  0.870986  0.870986  0.870986  0.870986  0.870986  0.870986  0.870986  0.870986  0.870986  0.870986  0.870986  0.870986  0.870986  0.870986  0.870986  0.870986  0.870986  0.870986  0.870986  0.870986  0.870986  0.870986  0.870986  0.870986  0.870986  0.870986  0.870986  0.870986  0.870986  0.870986  0.870986  0.870986  0.870986  0.870986  0.870986  0.870986  0.870986  0.870986  0.870986  0.870986  0.870986  0.870986  0.870986  0.870986  0.870986  0.870986  0.870986  0.870986  0.870986  0.870986  0.870986  0.870986  0.870986  0.870986  0.870986  0.870986  0.870986  0.870986  0.870986  0.870986  0.870986  0.870986  0.870986  0.870986  0.870986  0.870986  0.870986  0.870986  0.870986  0.870986  0.870986  0.870986  0.870986  0.870986  0.870986  0.870986  0.870986  0.870986  0.870986  0.870986  0.870986  0.870986  0.870986  0.870986  0.870986 
===================================================

In thread 54

===================================================
Max = -2080.10522  Min =  0.87099   Avg = -33.57834
No. of mutations = 42286 ;  No. of x-overs = 4060
Number of Lifecyles 2 

String =
Lifecycle 1
3 3 0 0 0 2 2 2 3 0 1 2 0.980412

Lifecycle 2
1 3 2 3 2 3 1 3 3 3 2 1 0.80048


 Best ever fitness = 0.870986 from generation = 1
 Best in each gen = 90  0.000000  0.870986  0.870986  0.870986  0.870986  0.870986  0.870986  0.870986  0.870986  0.870986  0.870986  0.870986  0.870986  0.870986  0.870986  0.870986  0.870986  0.870986  0.870986  0.870986  0.870986  0.870986  0.870986  0.870986  0.870986  0.870986  0.870986  0.870986  0.870986  0.870986  0.870986  0.870986  0.870986  0.870986  0.870986  0.870986  0.870986  0.870986  0.870986  0.870986  0.870986  0.870986  0.870986  0.870986  0.870986  0.870986  0.870986  0.870986  0.870986  0.870986  0.870986  0.870986  0.870986  0.870986  0.870986  0.870986  0.870986  0.870986  0.870986  0.870986  0.870986  0.870986  0.870986  0.870986  0.870986  0.870986  0.870986  0.870986  0.870986  0.870986  0.870986  0.870986  0.870986  0.870986  0.870986  0.870986  0.870986  0.870986  0.870986  0.870986  0.870986  0.870986  0.870986  0.870986  0.870986  0.870986  0.870986  0.870986  0.870986  0.870986  0.870986 
===================================================

In thread 56

===================================================
Max = -2080.10522  Min =  0.87099   Avg = -40.76861
No. of mutations = 42499 ;  No. of x-overs = 4051
Number of Lifecyles 2 

String =
Lifecycle 1
2 2 2 3 0 2 1 1 0 0 0 1 0.980412

Lifecycle 2
1 3 2 3 2 3 1 3 3 3 2 1 0.80048


 Best ever fitness = 0.870986 from generation = 1
 Best in each gen = 90  0.000000  0.870986  0.870986  0.870986  0.870986  0.870986  0.870986  0.870986  0.870986  0.870986  0.870986  0.870986  0.870986  0.870986  0.870986  0.870986  0.870986  0.870986  0.870986  0.870986  0.870986  0.870986  0.870986  0.870986  0.870986  0.870986  0.870986  0.870986  0.870986  0.870986  0.870986  0.870986  0.870986  0.870986  0.870986  0.870986  0.870986  0.870986  0.870986  0.870986  0.870986  0.870986  0.870986  0.870986  0.870986  0.870986  0.870986  0.870986  0.870986  0.870986  0.870986  0.870986  0.870986  0.870986  0.870986  0.870986  0.870986  0.870986  0.870986  0.870986  0.870986  0.870986  0.870986  0.870986  0.870986  0.870986  0.870986  0.870986  0.870986  0.870986  0.870986  0.870986  0.870986  0.870986  0.870986  0.870986  0.870986  0.870986  0.870986  0.870986  0.870986  0.870986  0.870986  0.870986  0.870986  0.870986  0.870986  0.870986  0.870986  0.870986  0.870986 
===================================================

In thread 58

===================================================
Max = -2080.10522  Min =  0.87099   Avg = -61.57048
No. of mutations = 42483 ;  No. of x-overs = 4068
Number of Lifecyles 2 

String =
Lifecycle 1
0 2 1 1 2 2 2 1 1 1 0 2 0.980412

Lifecycle 2
1 3 2 3 2 3 1 3 3 3 2 1 0.80048


 Best ever fitness = 0.870986 from generation = 1
 Best in each gen = 90  0.000000  0.870986  0.870986  0.870986  0.870986  0.870986  0.870986  0.870986  0.870986  0.870986  0.870986  0.870986  0.870986  0.870986  0.870986  0.870986  0.870986  0.870986  0.870986  0.870986  0.870986  0.870986  0.870986  0.870986  0.870986  0.870986  0.870986  0.870986  0.870986  0.870986  0.870986  0.870986  0.870986  0.870986  0.870986  0.870986  0.870986  0.870986  0.870986  0.870986  0.870986  0.870986  0.870986  0.870986  0.870986  0.870986  0.870986  0.870986  0.870986  0.870986  0.870986  0.870986  0.870986  0.870986  0.870986  0.870986  0.870986  0.870986  0.870986  0.870986  0.870986  0.870986  0.870986  0.870986  0.870986  0.870986  0.870986  0.870986  0.870986  0.870986  0.870986  0.870986  0.870986  0.870986  0.870986  0.870986  0.870986  0.870986  0.870986  0.870986  0.870986  0.870986  0.870986  0.870986  0.870986  0.870986  0.870986  0.870986  0.870986  0.870986  0.870986 
===================================================

In thread 61

===================================================
Max =  0.58082  Min =  0.87099   Avg =  0.85752
No. of mutations = 42206 ;  No. of x-overs = 4081
Number of Lifecyles 2 

String =
Lifecycle 1
1 3 3 3 1 3 2 1 2 1 3 1 0.980412

Lifecycle 2
1 3 2 3 2 3 1 3 3 3 2 1 0.80048


 Best ever fitness = 0.870986 from generation = 1
 Best in each gen = 90  0.000000  0.870986  0.870986  0.870986  0.870986  0.870986  0.870986  0.870986  0.870986  0.870986  0.870986  0.870986  0.870986  0.870986  0.870986  0.870986  0.870986  0.870986  0.870986  0.870986  0.870986  0.870986  0.870986  0.870986  0.870986  0.870986  0.870986  0.870986  0.870986  0.870986  0.870986  0.870986  0.870986  0.870986  0.870986  0.870986  0.870986  0.870986  0.870986  0.870986  0.870986  0.870986  0.870986  0.870986  0.870986  0.870986  0.870986  0.870986  0.870986  0.870986  0.870986  0.870986  0.870986  0.870986  0.870986  0.870986  0.870986  0.870986  0.870986  0.870986  0.870986  0.870986  0.870986  0.870986  0.870986  0.870986  0.870986  0.870986  0.870986  0.870986  0.870986  0.870986  0.870986  0.870986  0.870986  0.870986  0.870986  0.870986  0.870986  0.870986  0.870986  0.870986  0.870986  0.870986  0.870986  0.870986  0.870986  0.870986  0.870986  0.870986  0.870986 
===================================================

In thread 55

===================================================
Max = -1584.45276  Min =  0.87099   Avg = -14.99303
No. of mutations = 42760 ;  No. of x-overs = 4094
Number of Lifecyles 2 

String =
Lifecycle 1
2 0 2 3 0 3 2 1 0 1 2 3 0.980412

Lifecycle 2
1 3 2 3 2 3 1 3 3 3 2 1 0.80048


 Best ever fitness = 0.870986 from generation = 1
 Best in each gen = 90  0.000000  0.870986  0.870986  0.870986  0.870986  0.870986  0.870986  0.870986  0.870986  0.870986  0.870986  0.870986  0.870986  0.870986  0.870986  0.870986  0.870986  0.870986  0.870986  0.870986  0.870986  0.870986  0.870986  0.870986  0.870986  0.870986  0.870986  0.870986  0.870986  0.870986  0.870986  0.870986  0.870986  0.870986  0.870986  0.870986  0.870986  0.870986  0.870986  0.870986  0.870986  0.870986  0.870986  0.870986  0.870986  0.870986  0.870986  0.870986  0.870986  0.870986  0.870986  0.870986  0.870986  0.870986  0.870986  0.870986  0.870986  0.870986  0.870986  0.870986  0.870986  0.870986  0.870986  0.870986  0.870986  0.870986  0.870986  0.870986  0.870986  0.870986  0.870986  0.870986  0.870986  0.870986  0.870986  0.870986  0.870986  0.870986  0.870986  0.870986  0.870986  0.870986  0.870986  0.870986  0.870986  0.870986  0.870986  0.870986  0.870986  0.870986  0.870986 
===================================================

In thread 57

===================================================
Max = -2080.10522  Min =  0.87099   Avg = -50.71348
No. of mutations = 42660 ;  No. of x-overs = 4120
Number of Lifecyles 2 

String =
Lifecycle 1
1 3 1 2 2 2 2 3 2 1 2 3 0.980412

Lifecycle 2
1 3 2 3 2 3 1 3 3 3 2 1 0.80048


 Best ever fitness = 0.870986 from generation = 1
 Best in each gen = 90  0.000000  0.870986  0.870986  0.870986  0.870986  0.870986  0.870986  0.870986  0.870986  0.870986  0.870986  0.870986  0.870986  0.870986  0.870986  0.870986  0.870986  0.870986  0.870986  0.870986  0.870986  0.870986  0.870986  0.870986  0.870986  0.870986  0.870986  0.870986  0.870986  0.870986  0.870986  0.870986  0.870986  0.870986  0.870986  0.870986  0.870986  0.870986  0.870986  0.870986  0.870986  0.870986  0.870986  0.870986  0.870986  0.870986  0.870986  0.870986  0.870986  0.870986  0.870986  0.870986  0.870986  0.870986  0.870986  0.870986  0.870986  0.870986  0.870986  0.870986  0.870986  0.870986  0.870986  0.870986  0.870986  0.870986  0.870986  0.870986  0.870986  0.870986  0.870986  0.870986  0.870986  0.870986  0.870986  0.870986  0.870986  0.870986  0.870986  0.870986  0.870986  0.870986  0.870986  0.870986  0.870986  0.870986  0.870986  0.870986  0.870986  0.870986  0.870986 
===================================================

In thread 59

===================================================
Max = -2080.10522  Min =  0.87099   Avg = -64.50777
No. of mutations = 42365 ;  No. of x-overs = 4043
Number of Lifecyles 2 

String =
Lifecycle 1
2 2 2 3 2 2 2 1 3 1 2 1 0.980412

Lifecycle 2
1 3 2 3 2 3 1 3 3 3 2 1 0.80048


 Best ever fitness = 0.870986 from generation = 1
 Best in each gen = 90  0.000000  0.870986  0.870986  0.870986  0.870986  0.870986  0.870986  0.870986  0.870986  0.870986  0.870986  0.870986  0.870986  0.870986  0.870986  0.870986  0.870986  0.870986  0.870986  0.870986  0.870986  0.870986  0.870986  0.870986  0.870986  0.870986  0.870986  0.870986  0.870986  0.870986  0.870986  0.870986  0.870986  0.870986  0.870986  0.870986  0.870986  0.870986  0.870986  0.870986  0.870986  0.870986  0.870986  0.870986  0.870986  0.870986  0.870986  0.870986  0.870986  0.870986  0.870986  0.870986  0.870986  0.870986  0.870986  0.870986  0.870986  0.870986  0.870986  0.870986  0.870986  0.870986  0.870986  0.870986  0.870986  0.870986  0.870986  0.870986  0.870986  0.870986  0.870986  0.870986  0.870986  0.870986  0.870986  0.870986  0.870986  0.870986  0.870986  0.870986  0.870986  0.870986  0.870986  0.870986  0.870986  0.870986  0.870986  0.870986  0.870986  0.870986  0.870986 
===================================================

In thread 62

===================================================
Max = -2080.10522  Min =  0.87099   Avg = -103.19042
No. of mutations = 42581 ;  No. of x-overs = 4051
Number of Lifecyles 2 

String =
Lifecycle 1
2 2 0 1 2 1 3 0 1 3 3 3 0.980412

Lifecycle 2
1 3 2 3 2 3 1 3 3 3 2 1 0.80048


 Best ever fitness = 0.870986 from generation = 1
 Best in each gen = 90  0.000000  0.870986  0.870986  0.870986  0.870986  0.870986  0.870986  0.870986  0.870986  0.870986  0.870986  0.870986  0.870986  0.870986  0.870986  0.870986  0.870986  0.870986  0.870986  0.870986  0.870986  0.870986  0.870986  0.870986  0.870986  0.870986  0.870986  0.870986  0.870986  0.870986  0.870986  0.870986  0.870986  0.870986  0.870986  0.870986  0.870986  0.870986  0.870986  0.870986  0.870986  0.870986  0.870986  0.870986  0.870986  0.870986  0.870986  0.870986  0.870986  0.870986  0.870986  0.870986  0.870986  0.870986  0.870986  0.870986  0.870986  0.870986  0.870986  0.870986  0.870986  0.870986  0.870986  0.870986  0.870986  0.870986  0.870986  0.870986  0.870986  0.870986  0.870986  0.870986  0.870986  0.870986  0.870986  0.870986  0.870986  0.870986  0.870986  0.870986  0.870986  0.870986  0.870986  0.870986  0.870986  0.870986  0.870986  0.870986  0.870986  0.870986  0.870986 
===================================================

In thread 60

===================================================
Max = -2080.10522  Min =  0.87099   Avg = -40.76987
No. of mutations = 42654 ;  No. of x-overs = 4075
Number of Lifecyles 2 

String =
Lifecycle 1
2 0 0 0 2 2 2 1 0 1 0 1 0.980412

Lifecycle 2
1 3 2 3 2 3 1 3 3 3 2 1 0.80048


 Best ever fitness = 0.870986 from generation = 1
 Best in each gen = 90  0.000000  0.870986  0.870986  0.870986  0.870986  0.870986  0.870986  0.870986  0.870986  0.870986  0.870986  0.870986  0.870986  0.870986  0.870986  0.870986  0.870986  0.870986  0.870986  0.870986  0.870986  0.870986  0.870986  0.870986  0.870986  0.870986  0.870986  0.870986  0.870986  0.870986  0.870986  0.870986  0.870986  0.870986  0.870986  0.870986  0.870986  0.870986  0.870986  0.870986  0.870986  0.870986  0.870986  0.870986  0.870986  0.870986  0.870986  0.870986  0.870986  0.870986  0.870986  0.870986  0.870986  0.870986  0.870986  0.870986  0.870986  0.870986  0.870986  0.870986  0.870986  0.870986  0.870986  0.870986  0.870986  0.870986  0.870986  0.870986  0.870986  0.870986  0.870986  0.870986  0.870986  0.870986  0.870986  0.870986  0.870986  0.870986  0.870986  0.870986  0.870986  0.870986  0.870986  0.870986  0.870986  0.870986  0.870986  0.870986  0.870986  0.870986  0.870986 
===================================================

In thread 63

===================================================
Max = -2080.10522  Min =  0.87099   Avg = -19.95975
No. of mutations = 42183 ;  No. of x-overs = 4028
Number of Lifecyles 2 

String =
Lifecycle 1
3 2 3 3 2 3 1 0 1 1 3 1 0.980412

Lifecycle 2
1 3 2 3 2 3 1 3 3 3 2 1 0.80048


 Best ever fitness = 0.870986 from generation = 1
 Best in each gen = 90  0.000000  0.870986  0.870986  0.870986  0.870986  0.870986  0.870986  0.870986  0.870986  0.870986  0.870986  0.870986  0.870986  0.870986  0.870986  0.870986  0.870986  0.870986  0.870986  0.870986  0.870986  0.870986  0.870986  0.870986  0.870986  0.870986  0.870986  0.870986  0.870986  0.870986  0.870986  0.870986  0.870986  0.870986  0.870986  0.870986  0.870986  0.870986  0.870986  0.870986  0.870986  0.870986  0.870986  0.870986  0.870986  0.870986  0.870986  0.870986  0.870986  0.870986  0.870986  0.870986  0.870986  0.870986  0.870986  0.870986  0.870986  0.870986  0.870986  0.870986  0.870986  0.870986  0.870986  0.870986  0.870986  0.870986  0.870986  0.870986  0.870986  0.870986  0.870986  0.870986  0.870986  0.870986  0.870986  0.870986  0.870986  0.870986  0.870986  0.870986  0.870986  0.870986  0.870986  0.870986  0.870986  0.870986  0.870986  0.870986  0.870986  0.870986  0.870986 
===================================================


 O.K Good bye !!!
