Number of Threads = 2

 Reading data from file ............TTTTT  2 

gbasic_seed =  0.900000
In thread 0

===================================================
Max = -1508.62097  Min =  0.64898   Avg = -14.49264
No. of mutations = 42191 ;  No. of x-overs = 4060
Number of Lifecyles 8 

String =
Lifecycle 1
0 2 2 1 3 0 0 3 1 1 1 1 0.881842

Lifecycle 2
2 2 2 0 3 0 2 3 0 2 1 0 0.908927

Lifecycle 3
2 2 2 3 3 3 1 3 3 2 1 3 0.77496

Lifecycle 4
1 2 1 0 0 3 2 3 3 3 3 2 0.822434

Lifecycle 5
3 0 3 0 2 0 3 0 0 0 2 1 0.886848

Lifecycle 6
1 3 2 0 3 0 1 0 3 3 0 3 0.900769

Lifecycle 7
2 3 2 0 2 3 2 3 0 1 1 3 0.887329

Lifecycle 8
1 2 0 0 3 3 2 0 0 1 1 2 0.797234


 Best ever fitness = 0.648976 from generation = 90
 Best in each gen = 90  0.000000  0.394085  0.423566  0.457025  0.424134  0.448654  0.484622  0.460958  0.533066  0.549776  0.476084  0.499067  0.522099  0.536935  0.549970  0.551089  0.552464  0.551532  0.581562  0.559352  0.581176  0.580685  0.594752  0.580177  0.583431  0.590005  0.594062  0.598494  0.609688  0.610065  0.607714  0.607915  0.609593  0.607853  0.614684  0.617850  0.614731  0.617891  0.616655  0.618404  0.620051  0.625199  0.622792  0.622519  0.621119  0.624769  0.626009  0.624322  0.626253  0.625170  0.624944  0.627803  0.628815  0.628567  0.626483  0.629953  0.630855  0.630661  0.634282  0.629826  0.633845  0.632244  0.635905  0.637094  0.641223  0.638910  0.642079  0.637606  0.637155  0.641029  0.637842  0.639255  0.644398  0.643324  0.642408  0.643590  0.644810  0.641465  0.644161  0.642829  0.647258  0.644681  0.646077  0.648945  0.646964  0.647821  0.646677  0.646667  0.647510  0.648854  0.648976 
===================================================

In thread 1

===================================================
Max = -2689.17651  Min =  0.65278   Avg = -46.47313
No. of mutations = 42873 ;  No. of x-overs = 4085
Number of Lifecyles 8 

String =
Lifecycle 1
0 0 2 1 2 2 1 1 0 0 1 1 0.881842

Lifecycle 2
2 3 3 0 0 0 3 3 0 3 1 1 0.908927

Lifecycle 3
2 3 1 3 1 3 1 2 3 1 2 2 0.77496

Lifecycle 4
1 1 0 0 3 3 0 3 3 3 1 1 0.822434

Lifecycle 5
3 3 3 0 3 0 3 1 0 0 3 1 0.886848

Lifecycle 6
1 3 3 0 3 0 3 0 0 3 3 3 0.900769

Lifecycle 7
2 3 3 0 3 3 0 3 0 0 3 3 0.887329

Lifecycle 8
1 3 0 0 2 3 2 0 0 1 1 3 0.797234


 Best ever fitness = 0.652868 from generation = 87
 Best in each gen = 90  0.000000  0.479295  0.442639  0.436726  0.515993  0.521977  0.537905  0.535194  0.543651  0.552268  0.557697  0.580716  0.580977  0.562616  0.563427  0.582249  0.587517  0.593343  0.590068  0.595740  0.607171  0.607171  0.609295  0.608396  0.612911  0.610710  0.611681  0.611852  0.616900  0.615552  0.615203  0.617669  0.620658  0.619260  0.622664  0.623606  0.622066  0.623426  0.624198  0.625581  0.625262  0.624557  0.625032  0.626899  0.625011  0.629598  0.632613  0.632218  0.629606  0.634537  0.643332  0.631471  0.633653  0.635912  0.635012  0.637258  0.635520  0.637557  0.635318  0.642800  0.637057  0.640860  0.638237  0.644238  0.641249  0.638910  0.640226  0.642191  0.644215  0.643591  0.643750  0.645019  0.644986  0.649250  0.645863  0.648368  0.644965  0.649509  0.645778  0.649575  0.647787  0.650530  0.649376  0.650277  0.649806  0.651465  0.651508  0.652868  0.652557  0.652354  0.652779 
===================================================


 O.K Good bye !!!
