Number of Threads = 64

 Reading data from file ............TTTTT  2 

gbasic_seed =  0.833333
In thread 0

===================================================
Max = -10620.66016  Min =  0.79788   Avg = -1390.12146
No. of mutations = 42507 ;  No. of x-overs = 4061
Number of Lifecyles 3 

String =
Lifecycle 1
3 0 2 1 1 3 3 0 1 1 3 2 0.838257

Lifecycle 2
2 3 0 0 2 3 2 3 3 1 3 1 0.679216

Lifecycle 3
1 1 2 3 3 2 1 3 0 2 0 1 0.594231


 Best ever fitness = 0.807619 from generation = 88
 Best in each gen = 90  0.000000  0.757374  0.798848  0.777166  0.765530  0.730314  0.737400  0.788976  0.773510  0.770803  0.746327  0.754784  0.746410  0.771328  0.757296  0.745291  0.740363  0.746340  0.753144  0.743366  0.744965  0.740731  0.775456  0.776380  0.767416  0.723696  0.785977  0.752453  0.772710  0.757530  0.772990  0.789694  0.761659  0.748564  0.785677  0.791716  0.789231  0.772602  0.761556  0.776416  0.762501  0.791416  0.762118  0.777503  0.785389  0.788410  0.782245  0.763948  0.783600  0.780765  0.763194  0.769406  0.775826  0.783508  0.774296  0.782855  0.786087  0.779531  0.799384  0.782691  0.780703  0.793211  0.791872  0.787098  0.792804  0.782562  0.787082  0.774918  0.789029  0.787072  0.790495  0.778491  0.784245  0.787690  0.798855  0.788976  0.799192  0.795476  0.803633  0.798402  0.803874  0.800851  0.800824  0.786368  0.790357  0.799081  0.799260  0.797866  0.807619  0.805094  0.797881 
===================================================

In thread 1

===================================================
Max = -10620.66016  Min =  0.81418   Avg = -780.05939
No. of mutations = 42303 ;  No. of x-overs = 4066
Number of Lifecyles 3 

String =
Lifecycle 1
2 1 0 2 0 2 1 0 3 2 1 2 0.727625

Lifecycle 2
2 3 3 3 1 3 1 0 3 2 3 2 0.601839

Lifecycle 3
1 3 1 3 3 3 1 0 0 1 3 1 0.608554


 Best ever fitness = 0.818682 from generation = 89
 Best in each gen = 90  0.000000  0.783474  0.773136  0.771934  0.770267  0.772914  0.792369  0.751665  0.786387  0.757014  0.766715  0.775135  0.770496  0.772322  0.772937  0.775722  0.746606  0.769837  0.765486  0.736234  0.762180  0.763011  0.764619  0.773885  0.780868  0.789359  0.787743  0.777444  0.782387  0.802981  0.778945  0.766506  0.780562  0.761097  0.764840  0.758857  0.789151  0.783257  0.792597  0.780422  0.785389  0.779531  0.779005  0.787016  0.776245  0.785899  0.785899  0.786387  0.782346  0.781864  0.781285  0.792804  0.786386  0.774807  0.802981  0.777057  0.793098  0.800208  0.796016  0.790436  0.799977  0.793437  0.798307  0.805434  0.801063  0.798072  0.797666  0.798648  0.797323  0.799977  0.810358  0.800416  0.804384  0.806506  0.808064  0.806171  0.816601  0.802768  0.814385  0.813471  0.812371  0.817458  0.807219  0.808523  0.816174  0.813950  0.813597  0.814645  0.817588  0.818682  0.814178 
===================================================

In thread 3

===================================================
Max = -10620.66016  Min =  0.82580   Avg = -648.01074
No. of mutations = 42182 ;  No. of x-overs = 4052
Number of Lifecyles 3 

String =
Lifecycle 1
1 2 2 2 0 1 0 1 1 2 1 0 0.995923

Lifecycle 2
1 3 3 3 0 3 1 1 3 3 3 2 0.82867

Lifecycle 3
1 2 1 0 1 3 2 3 3 1 3 3 0.826511


 Best ever fitness = 0.825800 from generation = 90
 Best in each gen = 90  0.000000  0.772471  0.764576  0.756942  0.753438  0.763262  0.771033  0.779742  0.782245  0.775753  0.786232  0.777336  0.774385  0.790262  0.783702  0.775903  0.779624  0.776483  0.760859  0.769337  0.786387  0.773737  0.797442  0.772307  0.782200  0.779583  0.782507  0.774525  0.780545  0.769996  0.791716  0.783921  0.787389  0.800244  0.795632  0.788019  0.790495  0.801570  0.785174  0.796155  0.791584  0.790124  0.792238  0.800613  0.800429  0.796148  0.791407  0.793395  0.798038  0.802134  0.800348  0.791733  0.795786  0.809971  0.785080  0.804898  0.812612  0.801978  0.810809  0.807001  0.806882  0.798876  0.804695  0.805165  0.807156  0.808536  0.809045  0.807438  0.812526  0.821647  0.806708  0.816353  0.809403  0.816482  0.820715  0.807193  0.815107  0.815544  0.820005  0.816301  0.816043  0.821993  0.818979  0.814331  0.820053  0.819689  0.821527  0.820284  0.821358  0.821461  0.825800 
===================================================

In thread 2

===================================================
Max = -10620.66016  Min =  0.82436   Avg = -860.23779
No. of mutations = 42331 ;  No. of x-overs = 4043
Number of Lifecyles 3 

String =
Lifecycle 1
0 1 3 1 2 1 2 1 0 1 3 0 0.432209

Lifecycle 2
1 0 1 0 0 3 1 1 3 1 3 3 0.368688

Lifecycle 3
1 2 1 0 1 3 2 3 3 2 1 1 0.340321


 Best ever fitness = 0.824363 from generation = 82
 Best in each gen = 90  0.000000  0.778618  0.786387  0.763910  0.740241  0.771396  0.779531  0.771562  0.766121  0.768473  0.766130  0.784511  0.762185  0.795755  0.781030  0.782611  0.782209  0.773316  0.786746  0.780115  0.771652  0.773114  0.789704  0.763758  0.793885  0.781581  0.786109  0.788516  0.799384  0.791418  0.792591  0.783346  0.795517  0.795755  0.796203  0.792617  0.799189  0.797557  0.805784  0.794131  0.791331  0.797235  0.800429  0.791126  0.804921  0.791776  0.790546  0.793878  0.790496  0.791942  0.797589  0.793366  0.802450  0.801306  0.804065  0.803831  0.803447  0.803559  0.813616  0.810501  0.812549  0.817876  0.803011  0.807024  0.812567  0.813902  0.816337  0.810303  0.816357  0.810870  0.813540  0.818943  0.817923  0.817497  0.819955  0.818516  0.816309  0.820910  0.814353  0.822078  0.820928  0.823233  0.824363  0.818782  0.822948  0.823291  0.823617  0.824192  0.823081  0.823791  0.824363 
===================================================

In thread 4

===================================================
Max = -10620.66016  Min =  0.82510   Avg = -985.19550
No. of mutations = 42546 ;  No. of x-overs = 4057
Number of Lifecyles 3 

String =
Lifecycle 1
1 2 3 0 1 3 0 1 3 0 0 0 0.727625

Lifecycle 2
1 2 1 0 0 3 1 1 3 1 3 2 0.601839

Lifecycle 3
1 3 1 0 2 3 1 3 3 3 3 3 0.608554


 Best ever fitness = 0.825890 from generation = 85
 Best in each gen = 90  0.000000  0.741532  0.751063  0.780064  0.763435  0.786255  0.762061  0.750563  0.764803  0.772780  0.776483  0.787082  0.802791  0.787389  0.786974  0.781382  0.774228  0.797428  0.784418  0.788976  0.765904  0.780115  0.784492  0.785485  0.778627  0.783623  0.778231  0.797977  0.794131  0.795755  0.782074  0.790127  0.803305  0.805157  0.796011  0.791776  0.795707  0.792555  0.795266  0.801393  0.805784  0.805367  0.809734  0.786840  0.796128  0.805576  0.797707  0.806301  0.803046  0.807993  0.806301  0.802656  0.804484  0.810055  0.811090  0.809920  0.808343  0.815070  0.811809  0.813882  0.821362  0.815365  0.820541  0.822749  0.817963  0.817623  0.816076  0.815323  0.821857  0.818259  0.820751  0.821553  0.816065  0.820322  0.821733  0.820532  0.825140  0.820349  0.820648  0.822617  0.823324  0.823371  0.825306  0.825147  0.823433  0.825890  0.823377  0.825104  0.825207  0.825094  0.825097 
===================================================

In thread 5

===================================================
Max = -10620.66016  Min =  0.82687   Avg = -795.53888
No. of mutations = 42832 ;  No. of x-overs = 4054
Number of Lifecyles 3 

String =
Lifecycle 1
0 2 3 3 2 3 3 2 2 3 0 3 0.727625

Lifecycle 2
1 2 2 0 2 3 1 1 3 1 3 1 0.601839

Lifecycle 3
1 3 2 3 3 3 2 3 3 3 1 1 0.608554


 Best ever fitness = 0.826866 from generation = 90
 Best in each gen = 90  0.000000  0.788976  0.766547  0.765869  0.785773  0.778983  0.775370  0.779702  0.777347  0.743805  0.782546  0.768545  0.770267  0.786329  0.767412  0.796465  0.764606  0.786995  0.785389  0.772398  0.785126  0.787082  0.797971  0.801951  0.787860  0.786273  0.806882  0.790960  0.796190  0.786438  0.790163  0.798848  0.796480  0.793695  0.804902  0.790912  0.786105  0.791230  0.807242  0.801490  0.801765  0.799071  0.795567  0.813380  0.810871  0.806534  0.806149  0.808883  0.808954  0.810791  0.805611  0.807933  0.806970  0.808954  0.813656  0.809040  0.815651  0.810582  0.811401  0.814417  0.815927  0.812280  0.813533  0.812353  0.817034  0.819323  0.821099  0.820772  0.817811  0.819281  0.822020  0.822205  0.824136  0.820920  0.820210  0.822011  0.822094  0.823044  0.821335  0.821966  0.823024  0.823069  0.822198  0.825207  0.823406  0.826486  0.826452  0.825706  0.825183  0.824771  0.826866 
===================================================

In thread 6

===================================================
Max = -10620.66016  Min =  0.82631   Avg = -968.44244
No. of mutations = 42614 ;  No. of x-overs = 4031
Number of Lifecyles 3 

String =
Lifecycle 1
2 3 3 1 0 0 1 1 3 2 3 2 0.727625

Lifecycle 2
1 2 1 3 3 3 1 1 3 0 3 1 0.601839

Lifecycle 3
1 3 2 3 3 3 2 3 3 1 3 3 0.608554


 Best ever fitness = 0.826305 from generation = 85
 Best in each gen = 90  0.000000  0.778392  0.768660  0.800244  0.764995  0.783490  0.781382  0.788197  0.773322  0.788376  0.780888  0.773431  0.789435  0.781298  0.767726  0.791331  0.782317  0.796382  0.779791  0.791151  0.789359  0.785521  0.782248  0.791746  0.802858  0.802926  0.786109  0.787523  0.791511  0.792734  0.795503  0.804275  0.792820  0.797500  0.797268  0.806534  0.810510  0.799992  0.798680  0.798571  0.807351  0.809648  0.811509  0.804328  0.804992  0.813364  0.815499  0.801951  0.808623  0.814728  0.808263  0.809608  0.808856  0.820412  0.816472  0.816201  0.818449  0.820276  0.815353  0.814958  0.818227  0.818432  0.815105  0.818416  0.818884  0.816043  0.818842  0.821351  0.821478  0.820586  0.822285  0.823336  0.822881  0.820586  0.825207  0.821964  0.823265  0.823107  0.823720  0.823782  0.825154  0.824819  0.825181  0.825284  0.825207  0.826305  0.825187  0.826244  0.825127  0.825305  0.826305 
===================================================

In thread 7

===================================================
Max = -10620.66016  Min =  0.82645   Avg = -680.81696
No. of mutations = 42442 ;  No. of x-overs = 4038
Number of Lifecyles 3 

String =
Lifecycle 1
2 0 3 2 1 1 0 2 3 1 1 3 0.727625

Lifecycle 2
1 3 3 3 0 3 1 1 3 1 3 3 0.601839

Lifecycle 3
1 3 1 0 2 3 1 0 3 3 1 1 0.608554


 Best ever fitness = 0.827723 from generation = 86
 Best in each gen = 90  0.000000  0.780998  0.774509  0.771837  0.781098  0.791339  0.774169  0.782562  0.781149  0.790425  0.778637  0.773633  0.761803  0.769556  0.791137  0.783072  0.797442  0.792196  0.792696  0.781812  0.785128  0.796031  0.794902  0.794046  0.797589  0.791877  0.797469  0.791151  0.800054  0.794510  0.799194  0.800265  0.798280  0.803565  0.796828  0.806867  0.809452  0.808343  0.798715  0.811496  0.804572  0.796011  0.810083  0.804492  0.806534  0.813601  0.810994  0.813546  0.809452  0.811905  0.812250  0.821857  0.812761  0.813867  0.815585  0.818539  0.816887  0.816034  0.815578  0.815378  0.822426  0.820191  0.818884  0.820864  0.823791  0.819845  0.819438  0.821275  0.822749  0.821323  0.819447  0.823352  0.825122  0.823517  0.824025  0.820141  0.825122  0.824910  0.824622  0.822746  0.825359  0.825779  0.826222  0.825672  0.825207  0.825183  0.827723  0.825436  0.825983  0.826662  0.826452 
===================================================

In thread 8

===================================================
Max = -10620.66016  Min =  0.82693   Avg = -717.69159
No. of mutations = 42649 ;  No. of x-overs = 4076
Number of Lifecyles 3 

String =
Lifecycle 1
1 0 2 3 0 3 1 3 2 2 0 2 0.727625

Lifecycle 2
1 3 0 3 0 3 1 1 3 1 3 1 0.601839

Lifecycle 3
1 3 2 3 1 3 2 3 3 3 1 3 0.608554


 Best ever fitness = 0.827407 from generation = 86
 Best in each gen = 90  0.000000  0.782074  0.763882  0.776091  0.769459  0.788062  0.779877  0.779550  0.785899  0.782087  0.779450  0.785679  0.798331  0.783091  0.780789  0.787004  0.801974  0.787174  0.805190  0.784888  0.804734  0.786974  0.790749  0.788700  0.792369  0.798783  0.795639  0.795136  0.795645  0.791067  0.803927  0.803523  0.800663  0.817169  0.803425  0.801603  0.812715  0.799405  0.806168  0.799977  0.810493  0.806906  0.810904  0.813415  0.811097  0.812620  0.810055  0.817049  0.811117  0.804836  0.815001  0.814213  0.820498  0.824363  0.817378  0.814061  0.816730  0.819868  0.821814  0.814073  0.819360  0.822498  0.821936  0.820867  0.820942  0.825034  0.824374  0.823949  0.823346  0.824052  0.822430  0.825183  0.825471  0.825013  0.825833  0.825181  0.826071  0.825894  0.826089  0.825907  0.825529  0.826122  0.826614  0.826141  0.827354  0.826051  0.827407  0.827071  0.826860  0.825994  0.826933 
===================================================

In thread 9

===================================================
Max = -10620.66016  Min =  0.82768   Avg = -859.14093
No. of mutations = 42523 ;  No. of x-overs = 4049
Number of Lifecyles 3 

String =
Lifecycle 1
0 3 0 2 3 0 3 2 3 3 3 3 0.727625

Lifecycle 2
1 0 3 3 2 3 1 1 3 1 3 2 0.601839

Lifecycle 3
1 3 1 0 3 3 1 3 3 3 1 1 0.608554


 Best ever fitness = 0.828000 from generation = 87
 Best in each gen = 90  0.000000  0.781098  0.783023  0.790656  0.785760  0.782853  0.796925  0.777915  0.785359  0.788269  0.788399  0.798039  0.782245  0.789719  0.793185  0.796621  0.787962  0.797278  0.791518  0.788833  0.791338  0.804578  0.797944  0.790289  0.798260  0.796362  0.794764  0.807728  0.798719  0.806016  0.796335  0.807739  0.804572  0.799891  0.811999  0.797511  0.813540  0.807744  0.812573  0.812915  0.814907  0.807862  0.809253  0.815927  0.811795  0.819061  0.814788  0.815499  0.811629  0.818778  0.821788  0.813589  0.816096  0.820053  0.819381  0.822426  0.821365  0.821069  0.822775  0.820112  0.825140  0.818160  0.822749  0.822886  0.825306  0.824682  0.823386  0.824739  0.824631  0.824259  0.823656  0.823390  0.824821  0.826222  0.825336  0.825091  0.825264  0.825919  0.824892  0.825458  0.826305  0.825898  0.826735  0.826217  0.826173  0.827705  0.826807  0.828000  0.827440  0.826657  0.827681 
===================================================

In thread 10

===================================================
Max = -10620.66016  Min =  0.82870   Avg = -607.57831
No. of mutations = 42361 ;  No. of x-overs = 4040
Number of Lifecyles 3 

String =
Lifecycle 1
2 1 1 1 1 0 0 1 3 2 1 0 0.727625

Lifecycle 2
1 3 1 0 1 3 1 1 3 1 3 3 0.601839

Lifecycle 3
1 3 2 3 3 3 2 3 3 3 1 1 0.608554


 Best ever fitness = 0.828774 from generation = 89
 Best in each gen = 90  0.000000  0.782472  0.782123  0.786102  0.789767  0.793543  0.800621  0.799323  0.803037  0.799580  0.796788  0.788280  0.782736  0.786487  0.784890  0.789569  0.797146  0.794946  0.789703  0.790449  0.796125  0.795511  0.810807  0.802750  0.808954  0.799487  0.799106  0.802020  0.810533  0.803620  0.805022  0.809969  0.810683  0.803838  0.813488  0.810282  0.812467  0.807804  0.806948  0.820433  0.815510  0.811288  0.819955  0.814718  0.814529  0.819046  0.817939  0.815788  0.818539  0.820522  0.818449  0.818646  0.816925  0.819044  0.822132  0.819505  0.821730  0.823537  0.825677  0.823513  0.825306  0.825251  0.823506  0.824629  0.825995  0.824855  0.825424  0.825017  0.826410  0.825586  0.825336  0.826852  0.826412  0.826614  0.828502  0.825935  0.827120  0.827819  0.827335  0.825636  0.826852  0.827354  0.825780  0.827492  0.825981  0.826332  0.827792  0.828533  0.828012  0.828774  0.828697 
===================================================

In thread 11

===================================================
Max = -5645.81445  Min =  0.82856   Avg = -146.91139
No. of mutations = 42237 ;  No. of x-overs = 4078
Number of Lifecyles 3 

String =
Lifecycle 1
1 0 0 1 3 0 0 0 1 0 1 0 0.727625

Lifecycle 2
1 3 3 3 3 3 1 1 3 1 3 1 0.601839

Lifecycle 3
1 3 3 3 3 3 2 3 3 3 1 1 0.608554


 Best ever fitness = 0.828562 from generation = 90
 Best in each gen = 90  0.000000  0.804275  0.783616  0.797479  0.802208  0.803189  0.784568  0.788976  0.799641  0.795281  0.801631  0.803388  0.803072  0.805784  0.798590  0.804763  0.794647  0.802321  0.804267  0.809690  0.799759  0.809648  0.806777  0.811392  0.807592  0.816606  0.813450  0.798848  0.813380  0.810807  0.806847  0.816923  0.807807  0.809037  0.811082  0.806175  0.820954  0.815053  0.815694  0.811885  0.814955  0.822749  0.821478  0.814708  0.815075  0.818087  0.818461  0.823495  0.821630  0.820210  0.814525  0.825207  0.826222  0.822198  0.818613  0.820327  0.822644  0.821329  0.823672  0.821814  0.825207  0.822871  0.823300  0.824105  0.823747  0.826106  0.825104  0.826308  0.825776  0.825183  0.826916  0.825199  0.825995  0.826947  0.825599  0.826740  0.826014  0.826735  0.826832  0.826256  0.826769  0.828470  0.828502  0.827407  0.827003  0.828502  0.827590  0.827819  0.827310  0.828276  0.828562 
===================================================

In thread 12

===================================================
Max = -10620.66016  Min =  0.82877   Avg = -1036.27100
No. of mutations = 42687 ;  No. of x-overs = 4072
Number of Lifecyles 3 

String =
Lifecycle 1
2 3 3 2 0 3 2 3 2 1 1 3 0.727625

Lifecycle 2
1 3 3 3 1 3 1 3 3 1 3 1 0.601839

Lifecycle 3
1 3 2 3 3 3 1 3 3 3 3 3 0.608554


 Best ever fitness = 0.828798 from generation = 89
 Best in each gen = 90  0.000000  0.791828  0.791331  0.794481  0.790202  0.791416  0.798752  0.791706  0.804053  0.798567  0.796417  0.796480  0.787838  0.798072  0.788056  0.793883  0.794741  0.804642  0.796378  0.798948  0.802858  0.797588  0.799825  0.799802  0.808669  0.814907  0.805186  0.810562  0.806531  0.809311  0.813550  0.809357  0.815189  0.811375  0.815664  0.809648  0.813364  0.811608  0.818271  0.819955  0.819809  0.815909  0.817267  0.818496  0.819788  0.820552  0.822011  0.820268  0.821897  0.822774  0.822092  0.823671  0.822623  0.824877  0.822296  0.822106  0.824624  0.826703  0.824348  0.823597  0.825493  0.825411  0.826320  0.824733  0.824363  0.826076  0.826171  0.825564  0.825883  0.825922  0.825838  0.826469  0.826296  0.826446  0.826545  0.828011  0.827038  0.826305  0.827819  0.828000  0.827194  0.826410  0.828011  0.828600  0.826787  0.828000  0.827484  0.827891  0.827330  0.828798  0.828774 
===================================================

In thread 13

===================================================
Max = -10620.66016  Min =  0.82803   Avg = -395.84500
No. of mutations = 42293 ;  No. of x-overs = 4044
Number of Lifecyles 3 

String =
Lifecycle 1
1 0 2 0 1 3 0 0 1 0 2 3 0.727625

Lifecycle 2
1 3 3 3 1 3 1 1 3 1 3 3 0.601839

Lifecycle 3
1 3 2 3 3 3 1 3 3 3 1 1 0.608554


 Best ever fitness = 0.828526 from generation = 88
 Best in each gen = 90  0.000000  0.786781  0.798446  0.797515  0.797598  0.787323  0.787168  0.793102  0.787058  0.796264  0.798624  0.794468  0.799323  0.791303  0.797479  0.788433  0.808954  0.811765  0.807802  0.807259  0.799984  0.806373  0.808559  0.805784  0.816220  0.810845  0.812369  0.815651  0.811828  0.811295  0.810432  0.815998  0.815467  0.814555  0.811675  0.812480  0.820672  0.819705  0.820433  0.818205  0.816306  0.821857  0.818775  0.819173  0.825898  0.819551  0.819955  0.823619  0.824847  0.825183  0.821676  0.825306  0.824110  0.822477  0.824708  0.822547  0.824998  0.824294  0.825258  0.825298  0.825163  0.824242  0.825919  0.825368  0.826093  0.825609  0.826893  0.827487  0.827516  0.827492  0.826657  0.826156  0.827558  0.825922  0.827819  0.827865  0.826998  0.827694  0.826886  0.827561  0.827726  0.827459  0.827993  0.827561  0.827620  0.828426  0.828122  0.828343  0.828526  0.828343  0.828029 
===================================================

In thread 15

===================================================
Max = -10620.66016  Min =  0.82955   Avg = -608.19073
No. of mutations = 42567 ;  No. of x-overs = 4053
Number of Lifecyles 3 

String =
Lifecycle 1
0 2 2 2 1 1 0 1 3 0 0 0 0.727625

Lifecycle 2
1 3 3 3 3 3 1 1 3 1 3 3 0.601839

Lifecycle 3
1 3 1 0 3 3 1 3 3 3 1 1 0.608554


 Best ever fitness = 0.829551 from generation = 90
 Best in each gen = 90  0.000000  0.790411  0.801660  0.807997  0.797510  0.798307  0.797979  0.799800  0.803046  0.798773  0.799542  0.811509  0.810064  0.814247  0.814209  0.820412  0.810871  0.802531  0.805570  0.802791  0.806847  0.817764  0.808183  0.814091  0.814590  0.819955  0.812506  0.813091  0.813681  0.818346  0.812846  0.825306  0.815909  0.818716  0.818892  0.817537  0.820303  0.818221  0.820920  0.817790  0.820980  0.820078  0.821513  0.824368  0.826091  0.824078  0.825207  0.822918  0.825147  0.824374  0.825140  0.823830  0.823345  0.825800  0.825077  0.825319  0.825284  0.825303  0.824909  0.825226  0.825585  0.825794  0.825833  0.826832  0.826404  0.826813  0.828000  0.827074  0.827076  0.827723  0.828011  0.826735  0.828559  0.827826  0.827029  0.826735  0.827492  0.827452  0.828774  0.828067  0.827325  0.827968  0.828426  0.828426  0.829062  0.828831  0.828697  0.828721  0.828311  0.829214  0.829551 
===================================================

In thread 14

===================================================
Max = -10620.66016  Min =  0.82843   Avg = -626.60095
No. of mutations = 42572 ;  No. of x-overs = 4001
Number of Lifecyles 3 

String =
Lifecycle 1
1 2 3 3 1 1 0 1 3 1 0 0 0.727625

Lifecycle 2
1 3 3 3 0 3 1 1 3 1 3 3 0.601839

Lifecycle 3
1 3 3 0 1 3 1 3 3 3 1 1 0.608554


 Best ever fitness = 0.828815 from generation = 88
 Best in each gen = 90  0.000000  0.788206  0.799192  0.795577  0.799275  0.792685  0.795160  0.794948  0.792039  0.801555  0.800932  0.807861  0.801285  0.804898  0.800565  0.798812  0.805573  0.808281  0.808388  0.808423  0.804322  0.819952  0.805605  0.807295  0.811500  0.811980  0.806202  0.811189  0.811273  0.814202  0.814905  0.811401  0.816849  0.815576  0.814277  0.817484  0.818581  0.818884  0.813428  0.818975  0.820210  0.821013  0.820502  0.819375  0.823083  0.824363  0.823231  0.822650  0.824177  0.824110  0.824300  0.826093  0.822800  0.823791  0.823619  0.825207  0.825694  0.825369  0.825842  0.825883  0.826769  0.825550  0.825300  0.827859  0.825777  0.825919  0.825012  0.826688  0.826465  0.826807  0.826669  0.827335  0.826444  0.827581  0.827136  0.826688  0.828243  0.828643  0.827646  0.828021  0.828647  0.827819  0.828302  0.828533  0.827730  0.828643  0.828243  0.828661  0.828815  0.828763  0.828426 
===================================================

In thread 16

===================================================
Max = -10620.66016  Min =  0.82927   Avg = -203.02806
No. of mutations = 42368 ;  No. of x-overs = 4037
Number of Lifecyles 3 

String =
Lifecycle 1
0 1 0 1 1 3 3 1 1 2 1 0 0.727625

Lifecycle 2
1 3 3 3 3 3 1 1 3 1 3 2 0.601839

Lifecycle 3
1 3 2 3 3 3 1 3 3 3 3 2 0.608554


 Best ever fitness = 0.829266 from generation = 90
 Best in each gen = 90  0.000000  0.807367  0.803643  0.801493  0.798624  0.804023  0.794587  0.807799  0.804379  0.804999  0.799070  0.801506  0.810510  0.806888  0.811701  0.815065  0.812365  0.815062  0.811860  0.814699  0.813336  0.813549  0.812003  0.815193  0.817947  0.819355  0.819532  0.814833  0.823197  0.817467  0.820412  0.815243  0.819027  0.818570  0.820799  0.820268  0.818795  0.821671  0.823318  0.821545  0.822677  0.824137  0.824682  0.822435  0.826769  0.825840  0.824368  0.824522  0.823791  0.825800  0.823838  0.824507  0.825592  0.823904  0.827264  0.826332  0.825638  0.824737  0.826266  0.826316  0.825916  0.827075  0.826669  0.826807  0.828860  0.826496  0.827567  0.827819  0.827264  0.827968  0.826776  0.827779  0.828478  0.827723  0.828551  0.828612  0.828011  0.827879  0.828502  0.828738  0.828426  0.828840  0.829061  0.828600  0.828694  0.829223  0.827968  0.828903  0.828533  0.829196  0.829266 
===================================================

In thread 17

===================================================
Max = -10620.66016  Min =  0.82955   Avg = -641.88538
No. of mutations = 42293 ;  No. of x-overs = 4048
Number of Lifecyles 3 

String =
Lifecycle 1
0 0 3 3 1 2 2 0 0 2 0 1 0.727625

Lifecycle 2
1 3 2 3 3 3 1 1 3 1 3 3 0.601839

Lifecycle 3
1 3 3 3 3 3 1 3 3 3 3 1 0.608554


 Best ever fitness = 0.830042 from generation = 84
 Best in each gen = 90  0.000000  0.797953  0.805573  0.799029  0.795160  0.804734  0.809648  0.813528  0.802038  0.805784  0.810345  0.798880  0.801847  0.811011  0.808405  0.800565  0.815084  0.810015  0.815572  0.806624  0.815617  0.815626  0.821478  0.816153  0.821857  0.821916  0.819237  0.818304  0.821444  0.813970  0.820215  0.823513  0.817274  0.820715  0.822467  0.820020  0.821849  0.826494  0.823517  0.822376  0.823892  0.822151  0.825207  0.823230  0.823156  0.824899  0.825306  0.826769  0.825207  0.826452  0.826014  0.824374  0.826542  0.826974  0.826769  0.826106  0.826733  0.826453  0.827074  0.828000  0.828021  0.826638  0.827325  0.827616  0.827723  0.828257  0.827667  0.828697  0.828984  0.827681  0.827326  0.828533  0.827719  0.828060  0.828343  0.828426  0.828774  0.828491  0.829561  0.829726  0.828673  0.829397  0.828814  0.829396  0.830042  0.829837  0.829837  0.829604  0.829360  0.828786  0.829551 
===================================================

In thread 18

===================================================
Max = -10620.66016  Min =  0.82984   Avg = -379.10321
No. of mutations = 42366 ;  No. of x-overs = 4073
Number of Lifecyles 3 

String =
Lifecycle 1
1 2 1 1 3 1 1 2 0 3 1 3 0.727625

Lifecycle 2
1 3 3 3 3 3 1 1 3 1 3 2 0.601839

Lifecycle 3
1 3 1 0 3 3 1 3 3 3 1 1 0.608554


 Best ever fitness = 0.829837 from generation = 83
 Best in each gen = 90  0.000000  0.807504  0.799922  0.795415  0.796515  0.802762  0.812549  0.811509  0.810871  0.805661  0.811635  0.811348  0.812967  0.809452  0.814826  0.814907  0.813950  0.820864  0.824255  0.814996  0.815111  0.825207  0.820604  0.815781  0.815216  0.818778  0.820711  0.818979  0.821975  0.822106  0.821272  0.819828  0.820799  0.822265  0.823587  0.824133  0.825306  0.826358  0.825251  0.824080  0.825207  0.824132  0.824211  0.824995  0.824614  0.825650  0.826486  0.825467  0.825366  0.825154  0.824119  0.827245  0.826358  0.827200  0.827723  0.826113  0.826703  0.827249  0.828502  0.826410  0.827200  0.827314  0.827617  0.827988  0.826974  0.828860  0.828051  0.828574  0.828643  0.828238  0.827514  0.828735  0.828860  0.828501  0.828118  0.829418  0.828721  0.829360  0.828750  0.829692  0.828735  0.828774  0.829085  0.829837  0.828735  0.829223  0.828711  0.828918  0.829692  0.829143  0.829837 
===================================================

In thread 19

===================================================
Max = -10620.66016  Min =  0.82984   Avg = -459.62341
No. of mutations = 42542 ;  No. of x-overs = 4055
Number of Lifecyles 3 

String =
Lifecycle 1
0 0 0 2 0 0 1 0 1 2 1 2 0.727625

Lifecycle 2
1 3 1 3 3 3 1 1 3 1 3 3 0.601839

Lifecycle 3
1 3 3 3 3 3 1 3 3 3 2 1 0.608554


 Best ever fitness = 0.829880 from generation = 89
 Best in each gen = 90  0.000000  0.794251  0.802690  0.800480  0.807948  0.811302  0.807948  0.808496  0.808289  0.817662  0.811189  0.820715  0.813241  0.816496  0.817077  0.814768  0.821414  0.811472  0.814614  0.815153  0.818131  0.821365  0.820180  0.820725  0.821688  0.822198  0.821404  0.825140  0.819640  0.819896  0.821316  0.821592  0.820874  0.824136  0.818588  0.823782  0.824919  0.822918  0.822669  0.822836  0.825269  0.823462  0.825104  0.825178  0.825221  0.827723  0.826261  0.825706  0.826607  0.826807  0.825166  0.825895  0.826835  0.826410  0.825655  0.826410  0.826072  0.826769  0.827561  0.827249  0.827826  0.827691  0.828148  0.827325  0.828000  0.827646  0.827509  0.829692  0.828000  0.828230  0.828573  0.828233  0.829203  0.827992  0.829360  0.828821  0.828551  0.829266  0.828603  0.829813  0.828769  0.829418  0.828860  0.829167  0.829061  0.829118  0.829837  0.829266  0.828717  0.829880  0.829837 
===================================================

In thread 20

===================================================
Max = -10620.66016  Min =  0.83009   Avg = -427.01071
No. of mutations = 42291 ;  No. of x-overs = 4008
Number of Lifecyles 3 

String =
Lifecycle 1
1 2 0 2 3 3 0 1 3 2 2 2 0.727625

Lifecycle 2
1 3 1 3 3 3 1 3 3 1 1 3 0.601839

Lifecycle 3
1 3 3 3 3 3 1 3 3 3 3 1 0.608554


 Best ever fitness = 0.830086 from generation = 90
 Best in each gen = 90  0.000000  0.806069  0.811635  0.816606  0.810389  0.812855  0.806115  0.814115  0.811771  0.813931  0.815626  0.813753  0.814093  0.816285  0.815106  0.814302  0.812659  0.821444  0.818526  0.816271  0.821683  0.819061  0.819385  0.822644  0.819402  0.820622  0.821478  0.823645  0.821193  0.822168  0.821673  0.820794  0.823588  0.825207  0.822836  0.823264  0.824682  0.825586  0.826852  0.824912  0.825317  0.825583  0.825581  0.827400  0.826960  0.826307  0.827335  0.826752  0.827676  0.826307  0.827516  0.825907  0.827640  0.827616  0.827288  0.828426  0.827371  0.827899  0.828378  0.827865  0.828076  0.828339  0.828502  0.828774  0.828692  0.828660  0.827880  0.828232  0.829837  0.829837  0.828509  0.828923  0.828192  0.829726  0.828805  0.828978  0.829692  0.829659  0.829268  0.829551  0.829551  0.829813  0.829837  0.829837  0.829225  0.829880  0.830079  0.829875  0.829406  0.830079  0.830086 
===================================================

In thread 21

===================================================
Max = -10620.66016  Min =  0.82981   Avg = -352.13083
No. of mutations = 42487 ;  No. of x-overs = 4051
Number of Lifecyles 3 

String =
Lifecycle 1
3 3 1 1 2 2 2 1 1 0 0 2 0.727625

Lifecycle 2
1 3 1 3 3 3 1 3 3 1 1 3 0.601839

Lifecycle 3
1 3 3 3 3 3 1 3 3 3 3 1 0.608554


 Best ever fitness = 0.830086 from generation = 89
 Best in each gen = 90  0.000000  0.810344  0.810871  0.812805  0.812957  0.809955  0.810510  0.823019  0.815968  0.814370  0.818322  0.815907  0.814337  0.821233  0.817520  0.821069  0.817923  0.820942  0.821951  0.820311  0.823751  0.820974  0.822477  0.824255  0.821735  0.822654  0.822477  0.824839  0.822865  0.826009  0.824363  0.824877  0.825207  0.824016  0.824333  0.825390  0.825675  0.826198  0.826135  0.824522  0.827510  0.825919  0.825776  0.826305  0.825639  0.826722  0.826831  0.826888  0.826575  0.827646  0.826683  0.827723  0.827000  0.827262  0.827640  0.828533  0.827667  0.827852  0.828821  0.828786  0.827875  0.828821  0.828940  0.828643  0.827723  0.828948  0.828600  0.828879  0.829360  0.828548  0.829196  0.829360  0.829837  0.828920  0.828826  0.828820  0.829837  0.829482  0.829406  0.829692  0.829875  0.829880  0.829813  0.829726  0.829837  0.830042  0.829837  0.829837  0.829837  0.830086  0.829813 
===================================================

In thread 22

===================================================
Max = -10620.66016  Min =  0.83009   Avg = -530.26093
No. of mutations = 42522 ;  No. of x-overs = 4020
Number of Lifecyles 3 

String =
Lifecycle 1
2 1 1 1 1 1 2 1 3 2 1 2 0.727625

Lifecycle 2
1 3 1 3 3 3 1 3 3 1 1 3 0.601839

Lifecycle 3
1 3 3 3 3 3 1 3 3 3 3 1 0.608554


 Best ever fitness = 0.830086 from generation = 79
 Best in each gen = 90  0.000000  0.813628  0.813933  0.809075  0.802651  0.813750  0.812369  0.813115  0.815435  0.816768  0.814975  0.819705  0.814579  0.818580  0.817060  0.820412  0.820347  0.823517  0.821104  0.822685  0.823619  0.820200  0.821354  0.821664  0.822749  0.824839  0.822825  0.826489  0.824374  0.824826  0.825800  0.823655  0.823798  0.826130  0.824695  0.826685  0.825195  0.825094  0.825144  0.826231  0.826669  0.826357  0.825892  0.826506  0.827676  0.828000  0.826474  0.826979  0.827966  0.827537  0.827818  0.827029  0.827544  0.828396  0.828226  0.827970  0.828647  0.828126  0.828774  0.828021  0.828011  0.828533  0.828573  0.827895  0.828876  0.828812  0.829215  0.829074  0.828923  0.828855  0.829101  0.828881  0.828773  0.829837  0.829406  0.829659  0.829837  0.829837  0.829659  0.830086  0.830042  0.829837  0.829837  0.829813  0.829813  0.829837  0.830079  0.830086  0.830086  0.829837  0.830086 
===================================================

In thread 23

===================================================
Max = -10620.66016  Min =  0.82988   Avg = -330.00684
No. of mutations = 42456 ;  No. of x-overs = 4047
Number of Lifecyles 3 

String =
Lifecycle 1
2 1 1 1 1 1 0 1 3 2 1 2 0.727625

Lifecycle 2
1 3 1 3 3 3 1 3 3 1 1 3 0.601839

Lifecycle 3
1 3 3 3 3 3 1 3 3 3 3 1 0.608554


 Best ever fitness = 0.830086 from generation = 60
 Best in each gen = 90  0.000000  0.811261  0.812997  0.815659  0.818705  0.813902  0.812795  0.820023  0.820481  0.814289  0.822739  0.819001  0.823381  0.821358  0.819867  0.823318  0.817309  0.823506  0.824631  0.824293  0.824120  0.822432  0.823233  0.824154  0.825620  0.826358  0.823560  0.824586  0.823513  0.827218  0.825193  0.825207  0.824673  0.826852  0.827074  0.825064  0.826093  0.825110  0.827218  0.825901  0.826622  0.827264  0.828774  0.827667  0.828000  0.826938  0.827249  0.826665  0.828038  0.826852  0.827305  0.827760  0.827887  0.828426  0.827723  0.828230  0.827719  0.827968  0.828237  0.829692  0.830086  0.828921  0.829074  0.828604  0.828811  0.829117  0.829433  0.829418  0.829692  0.829418  0.830086  0.829458  0.829570  0.829635  0.829837  0.829150  0.829813  0.830042  0.829692  0.829880  0.830086  0.829223  0.829910  0.829837  0.829813  0.830086  0.830042  0.830086  0.830086  0.829880  0.829880 
===================================================

In thread 24

===================================================
Max = -10620.66016  Min =  0.83009   Avg = -269.73947
No. of mutations = 42312 ;  No. of x-overs = 4019
Number of Lifecyles 3 

String =
Lifecycle 1
2 0 3 1 3 1 0 3 3 1 1 1 0.727625

Lifecycle 2
1 3 1 3 3 3 1 3 3 1 1 3 0.601839

Lifecycle 3
1 3 3 3 3 3 1 3 3 3 3 1 0.608554


 Best ever fitness = 0.830086 from generation = 73
 Best in each gen = 90  0.000000  0.811188  0.820284  0.818117  0.819061  0.818481  0.819305  0.819501  0.820412  0.819532  0.822020  0.820107  0.821052  0.817788  0.820928  0.822749  0.826769  0.825207  0.825122  0.822457  0.825140  0.823352  0.824363  0.824280  0.826852  0.823562  0.824088  0.824631  0.825620  0.825672  0.823733  0.826305  0.826161  0.826852  0.827429  0.826308  0.825431  0.827249  0.826332  0.826901  0.826830  0.827120  0.828237  0.827616  0.827440  0.828612  0.828000  0.827819  0.827544  0.827484  0.828331  0.829062  0.828774  0.827929  0.828537  0.828661  0.829397  0.828855  0.829266  0.828908  0.829604  0.828815  0.829058  0.829692  0.829406  0.828798  0.829449  0.829551  0.829837  0.829214  0.829441  0.829837  0.829813  0.830086  0.829837  0.829837  0.829856  0.830079  0.829837  0.829880  0.830042  0.829837  0.830042  0.830079  0.830079  0.829837  0.830086  0.830086  0.830079  0.830086  0.830086 
===================================================

In thread 25

===================================================
Max = -10620.66016  Min =  0.83009   Avg = -445.64160
No. of mutations = 42161 ;  No. of x-overs = 4019
Number of Lifecyles 3 

String =
Lifecycle 1
3 0 1 0 1 2 2 0 1 1 1 2 0.727625

Lifecycle 2
1 3 1 3 3 3 1 3 3 1 1 3 0.601839

Lifecycle 3
1 3 3 3 3 3 1 3 3 3 3 1 0.608554


 Best ever fitness = 0.830086 from generation = 69
 Best in each gen = 90  0.000000  0.815157  0.815762  0.817169  0.814984  0.816845  0.819573  0.816425  0.818237  0.824682  0.820421  0.820340  0.821897  0.821545  0.819655  0.823947  0.825306  0.823203  0.824294  0.823318  0.825800  0.825194  0.825800  0.825800  0.823953  0.824309  0.825251  0.826358  0.826685  0.825803  0.826014  0.825672  0.825655  0.826410  0.825922  0.827102  0.828011  0.826763  0.825912  0.827464  0.827537  0.828021  0.828426  0.827746  0.827708  0.827819  0.828750  0.828011  0.828613  0.828692  0.828774  0.828228  0.829396  0.828069  0.828571  0.828959  0.828357  0.828612  0.828697  0.828533  0.829062  0.829074  0.829692  0.829379  0.828643  0.829813  0.829397  0.829374  0.829837  0.830086  0.830079  0.829875  0.830079  0.829837  0.830086  0.830086  0.829837  0.830086  0.829604  0.830079  0.829875  0.830086  0.830086  0.829875  0.829813  0.830086  0.830086  0.830086  0.830086  0.830086  0.830086 
===================================================

In thread 26

===================================================
Max = -2517.69336  Min =  0.83009   Avg = -24.38255
No. of mutations = 42494 ;  No. of x-overs = 4081
Number of Lifecyles 3 

String =
Lifecycle 1
2 2 1 0 3 0 0 3 1 3 2 0 0.727625

Lifecycle 2
1 3 1 0 1 3 1 1 3 1 3 3 0.603867

Lifecycle 3
1 3 3 3 3 3 1 3 3 3 3 1 0.608554


 Best ever fitness = 0.830284 from generation = 82
 Best in each gen = 90  0.000000  0.821836  0.821478  0.817458  0.821726  0.821735  0.820420  0.820541  0.825207  0.819325  0.820920  0.822607  0.822983  0.822836  0.822973  0.824320  0.823474  0.825637  0.822269  0.826358  0.826020  0.825207  0.825846  0.824708  0.824801  0.824981  0.826381  0.825919  0.825242  0.827477  0.826410  0.827271  0.827561  0.825874  0.828215  0.826888  0.827150  0.827326  0.828011  0.827527  0.828338  0.828107  0.829433  0.827723  0.828268  0.828984  0.829837  0.827346  0.828796  0.828491  0.828884  0.828763  0.828735  0.829396  0.829813  0.829055  0.828776  0.829604  0.828948  0.829837  0.829397  0.829374  0.830086  0.829837  0.830086  0.829837  0.829692  0.829604  0.830086  0.830086  0.829837  0.830086  0.829692  0.829880  0.829880  0.830079  0.830042  0.830086  0.830042  0.830086  0.830086  0.830086  0.830284  0.830284  0.830079  0.830284  0.830086  0.830086  0.830086  0.830086  0.830086 
===================================================

In thread 29

===================================================
Max = -10620.66016  Min =  0.83028   Avg = -424.04492
No. of mutations = 42396 ;  No. of x-overs = 4050
Number of Lifecyles 3 

String =
Lifecycle 1
0 1 2 3 0 1 0 1 2 0 0 2 0.727625

Lifecycle 2
1 3 3 3 3 3 1 1 3 1 3 3 0.603867

Lifecycle 3
1 3 1 0 1 3 1 3 3 3 3 1 0.608554


 Best ever fitness = 0.830284 from generation = 84
 Best in each gen = 90  0.000000  0.823169  0.822885  0.822307  0.824255  0.822664  0.823277  0.825154  0.822795  0.825890  0.824211  0.826452  0.825207  0.825715  0.827646  0.825625  0.826222  0.825620  0.826685  0.825844  0.826657  0.826365  0.827335  0.826274  0.827819  0.826208  0.827000  0.828426  0.828426  0.827505  0.827537  0.828426  0.827696  0.828088  0.827646  0.828426  0.827819  0.828786  0.827638  0.828815  0.828774  0.828742  0.828661  0.828230  0.829406  0.828930  0.828390  0.828774  0.829837  0.828774  0.828793  0.829604  0.829726  0.828978  0.829692  0.829856  0.829604  0.828918  0.828944  0.829084  0.829837  0.829692  0.829837  0.829813  0.829612  0.829780  0.830086  0.830042  0.830086  0.829837  0.830086  0.829969  0.829837  0.830086  0.830086  0.829880  0.830086  0.830086  0.830086  0.830086  0.830086  0.830086  0.830086  0.830086  0.830284  0.830284  0.830086  0.830086  0.830086  0.830086  0.830284 
===================================================

In thread 27

===================================================
Max = -10620.66016  Min =  0.83029   Avg = -317.83646
No. of mutations = 42475 ;  No. of x-overs = 4004
Number of Lifecyles 3 

String =
Lifecycle 1
3 2 3 0 1 2 0 0 1 1 1 2 0.727625

Lifecycle 2
1 3 1 3 3 3 1 3 3 1 1 3 0.603867

Lifecycle 3
1 3 3 3 3 3 1 3 3 3 3 1 0.608554


 Best ever fitness = 0.830291 from generation = 90
 Best in each gen = 90  0.000000  0.821116  0.821478  0.821688  0.821735  0.820931  0.822567  0.825019  0.822432  0.822483  0.823451  0.824374  0.824622  0.824237  0.824300  0.823023  0.824625  0.824447  0.827646  0.825306  0.825315  0.826094  0.825187  0.826453  0.827264  0.826252  0.827487  0.826398  0.828426  0.827354  0.826441  0.826202  0.826754  0.828364  0.827075  0.826852  0.827723  0.828426  0.827819  0.827164  0.828598  0.828612  0.828128  0.828129  0.828118  0.828526  0.828463  0.828940  0.829397  0.828571  0.828821  0.828921  0.828769  0.828929  0.828751  0.828882  0.829875  0.828821  0.829406  0.829726  0.829837  0.830042  0.829813  0.829813  0.829635  0.829880  0.830079  0.829551  0.829837  0.829880  0.829856  0.830079  0.829880  0.829837  0.830086  0.830079  0.830086  0.830086  0.830079  0.830042  0.830086  0.830079  0.830086  0.830086  0.830086  0.830086  0.830086  0.830086  0.830086  0.830086  0.830291 
===================================================

In thread 28

===================================================
Max = -10620.66016  Min =  0.83009   Avg = -246.10858
No. of mutations = 42518 ;  No. of x-overs = 4049
Number of Lifecyles 3 

String =
Lifecycle 1
1 2 0 0 2 1 0 0 2 2 1 0 0.727625

Lifecycle 2
1 3 1 3 3 3 1 3 3 1 1 3 0.601839

Lifecycle 3
1 3 3 3 3 3 1 3 3 3 3 1 0.608554


 Best ever fitness = 0.830086 from generation = 62
 Best in each gen = 90  0.000000  0.819981  0.823192  0.822841  0.824280  0.822581  0.824745  0.825122  0.823695  0.823496  0.824132  0.825210  0.825306  0.823970  0.825898  0.823744  0.824694  0.825463  0.826669  0.825845  0.825288  0.827819  0.825095  0.827038  0.826294  0.826830  0.826665  0.825882  0.827901  0.827726  0.828000  0.827330  0.828114  0.827838  0.827758  0.828026  0.828774  0.827633  0.828478  0.828021  0.828643  0.828000  0.828600  0.828940  0.828697  0.828821  0.829266  0.829418  0.829418  0.829813  0.828551  0.828854  0.829659  0.828952  0.829837  0.829780  0.829635  0.829200  0.829406  0.829223  0.829347  0.829266  0.830086  0.829837  0.830042  0.830086  0.830079  0.829837  0.830079  0.829780  0.829875  0.829875  0.829813  0.830079  0.830086  0.829880  0.829856  0.829837  0.830086  0.830086  0.830079  0.829880  0.830086  0.830086  0.830086  0.830079  0.830086  0.830086  0.830086  0.830086  0.830086 
===================================================

In thread 30

===================================================
Max = -10620.66016  Min =  0.83009   Avg = -317.83310
No. of mutations = 42241 ;  No. of x-overs = 4057
Number of Lifecyles 3 

String =
Lifecycle 1
2 1 3 1 1 0 3 0 1 1 1 2 0.727625

Lifecycle 2
1 3 1 3 3 3 1 3 3 1 1 3 0.601839

Lifecycle 3
1 3 3 3 3 3 1 3 3 3 3 1 0.608554


 Best ever fitness = 0.830086 from generation = 52
 Best in each gen = 90  0.000000  0.823668  0.823344  0.823619  0.825147  0.825207  0.825207  0.825251  0.826009  0.825183  0.825183  0.827723  0.827075  0.826222  0.826379  0.826542  0.826998  0.826014  0.826413  0.825960  0.826394  0.827969  0.826852  0.827310  0.825891  0.827968  0.828060  0.827379  0.826591  0.828502  0.827492  0.827820  0.827819  0.828750  0.828831  0.829837  0.828243  0.828509  0.827927  0.828193  0.828798  0.829061  0.828732  0.828232  0.829875  0.828798  0.829856  0.829406  0.829551  0.828978  0.829551  0.829396  0.830086  0.830042  0.829266  0.829837  0.829551  0.829837  0.829837  0.829880  0.829837  0.830079  0.829875  0.829880  0.830042  0.830086  0.830086  0.830079  0.830086  0.829856  0.830086  0.830079  0.830086  0.830086  0.830086  0.830042  0.830086  0.830086  0.830086  0.830086  0.830086  0.830086  0.830086  0.830086  0.830086  0.830086  0.830086  0.830086  0.830086  0.830086  0.830086 
===================================================

In thread 31

===================================================
Max = -10620.66016  Min =  0.83009   Avg = -167.00433
No. of mutations = 42380 ;  No. of x-overs = 4039
Number of Lifecyles 3 

String =
Lifecycle 1
0 1 2 3 0 1 0 1 2 0 0 2 0.727625

Lifecycle 2
1 3 3 3 3 3 1 1 3 1 3 3 0.603867

Lifecycle 3
1 3 1 0 1 3 1 3 3 3 3 1 0.608554


 Best ever fitness = 0.830284 from generation = 71
 Best in each gen = 90  0.000000  0.825493  0.825286  0.824403  0.825801  0.825009  0.826164  0.825731  0.825779  0.824670  0.826305  0.825323  0.827464  0.824628  0.826622  0.827705  0.828038  0.825777  0.827617  0.826267  0.828217  0.827126  0.827661  0.827200  0.827537  0.826614  0.827369  0.827849  0.828426  0.828821  0.828571  0.828559  0.829635  0.828562  0.828643  0.828692  0.828230  0.828426  0.829085  0.828774  0.828612  0.828798  0.828821  0.829635  0.829437  0.829437  0.829061  0.829604  0.829551  0.829813  0.829837  0.829129  0.829266  0.829837  0.829837  0.830086  0.829837  0.829856  0.829692  0.829837  0.830086  0.829837  0.829837  0.830042  0.830079  0.830086  0.829880  0.830086  0.830079  0.830086  0.830086  0.830284  0.830086  0.830086  0.830079  0.830086  0.830086  0.830086  0.830086  0.830086  0.830086  0.830086  0.830086  0.830086  0.830257  0.830086  0.830086  0.830086  0.830086  0.830086  0.830086 
===================================================

In thread 32

===================================================
Max = -10620.66016  Min =  0.83029   Avg = -295.75827
No. of mutations = 42636 ;  No. of x-overs = 4059
Number of Lifecyles 3 

String =
Lifecycle 1
2 3 3 1 2 1 1 1 2 0 0 2 0.727625

Lifecycle 2
1 3 1 3 3 3 1 3 3 1 1 3 0.603867

Lifecycle 3
1 3 3 3 3 3 1 3 3 3 3 1 0.608554


 Best ever fitness = 0.830291 from generation = 83
 Best in each gen = 90  0.000000  0.825901  0.825780  0.827723  0.825140  0.825374  0.827074  0.826551  0.825898  0.826150  0.826607  0.827723  0.825993  0.826841  0.826614  0.827667  0.827314  0.828000  0.826888  0.826981  0.827791  0.827313  0.827310  0.828358  0.827677  0.829062  0.827830  0.828502  0.828186  0.828831  0.828603  0.828128  0.828798  0.829062  0.829837  0.828562  0.829061  0.828978  0.828815  0.828944  0.829726  0.829692  0.828800  0.829418  0.829266  0.829692  0.829875  0.829604  0.829880  0.829659  0.829880  0.829692  0.829418  0.829837  0.830079  0.830079  0.829875  0.830019  0.829837  0.830086  0.829837  0.829837  0.829837  0.830042  0.830079  0.830086  0.829875  0.830086  0.830086  0.830086  0.830086  0.830086  0.830086  0.830079  0.830086  0.830086  0.830086  0.830086  0.830257  0.830086  0.830086  0.830086  0.830086  0.830291  0.830086  0.830086  0.830257  0.830086  0.830086  0.830257  0.830291 
===================================================

In thread 33

===================================================
Max = -10620.66016  Min =  0.83029   Avg = -211.61777
No. of mutations = 42529 ;  No. of x-overs = 4017
Number of Lifecyles 3 

String =
Lifecycle 1
1 1 1 3 0 1 0 0 2 2 1 0 0.727625

Lifecycle 2
1 3 1 3 3 3 1 3 3 1 1 3 0.603867

Lifecycle 3
1 3 3 3 3 3 1 3 3 3 3 1 0.608554


 Best ever fitness = 0.830291 from generation = 81
 Best in each gen = 90  0.000000  0.826091  0.825183  0.825672  0.826009  0.826789  0.826016  0.827218  0.825809  0.827000  0.826998  0.828051  0.828750  0.826591  0.826171  0.827281  0.827676  0.826974  0.828228  0.828502  0.827777  0.828647  0.827895  0.828600  0.827736  0.828783  0.828533  0.829692  0.828054  0.829573  0.829118  0.829053  0.830086  0.829062  0.829374  0.830086  0.829098  0.829085  0.828805  0.829266  0.829692  0.829837  0.829379  0.829726  0.829083  0.829692  0.830086  0.829837  0.829837  0.829659  0.830086  0.829837  0.830079  0.829813  0.829886  0.830079  0.829837  0.830086  0.830042  0.830079  0.830079  0.830086  0.830086  0.830012  0.830086  0.830284  0.830086  0.830086  0.830086  0.830086  0.830086  0.830086  0.830086  0.830086  0.830086  0.830086  0.830086  0.830086  0.830086  0.830086  0.830086  0.830291  0.830086  0.830086  0.830284  0.830086  0.830086  0.830291  0.830291  0.830291  0.830291 
===================================================

In thread 34

===================================================
Max = -10620.66016  Min =  0.83029   Avg = -211.61816
No. of mutations = 42730 ;  No. of x-overs = 4047
Number of Lifecyles 3 

String =
Lifecycle 1
0 1 3 2 0 1 0 0 2 2 1 0 0.727625

Lifecycle 2
1 3 1 3 3 3 1 3 3 1 1 3 0.603867

Lifecycle 3
1 3 3 3 3 3 1 3 3 3 3 1 0.608554


 Best ever fitness = 0.830291 from generation = 69
 Best in each gen = 90  0.000000  0.826982  0.826515  0.828502  0.826410  0.825731  0.826284  0.826742  0.826960  0.827968  0.827819  0.826224  0.828232  0.828000  0.826697  0.827536  0.827875  0.827988  0.829551  0.827819  0.828643  0.828470  0.828683  0.828694  0.827975  0.828620  0.828735  0.828242  0.829551  0.828426  0.828502  0.828226  0.828966  0.829437  0.829837  0.829604  0.829143  0.829425  0.829837  0.829396  0.829837  0.829084  0.829635  0.829780  0.830086  0.829837  0.829837  0.830042  0.829813  0.830086  0.829837  0.830086  0.830042  0.829837  0.830086  0.830042  0.830079  0.830086  0.830086  0.830042  0.830086  0.830086  0.830086  0.830086  0.830086  0.830086  0.830086  0.830086  0.830086  0.830291  0.830086  0.830086  0.830086  0.830086  0.830086  0.830086  0.830086  0.830086  0.830086  0.830291  0.830086  0.830257  0.830291  0.830291  0.830291  0.830291  0.830291  0.830291  0.830291  0.830291  0.830291 
===================================================

In thread 35

===================================================
Max = -10620.66016  Min =  0.83029   Avg = -105.39916
No. of mutations = 42505 ;  No. of x-overs = 4030
Number of Lifecyles 3 

String =
Lifecycle 1
2 3 0 1 1 1 0 1 1 1 1 2 0.727625

Lifecycle 2
1 3 1 3 3 3 1 3 3 1 1 3 0.603867

Lifecycle 3
1 3 3 3 3 3 1 3 3 3 3 1 0.608554


 Best ever fitness = 0.830291 from generation = 70
 Best in each gen = 90  0.000000  0.828502  0.826542  0.825515  0.826604  0.827326  0.827694  0.827819  0.828502  0.827723  0.827742  0.828011  0.827725  0.829062  0.829418  0.828697  0.828811  0.828860  0.828107  0.828339  0.828769  0.828519  0.827874  0.828879  0.828903  0.828774  0.828735  0.828959  0.828774  0.828533  0.829406  0.828978  0.828978  0.829418  0.829880  0.829692  0.829837  0.829396  0.829880  0.829604  0.829408  0.829692  0.830079  0.829813  0.830086  0.829837  0.829813  0.829837  0.829875  0.830042  0.829910  0.830086  0.830086  0.830086  0.830086  0.830079  0.830086  0.830042  0.830086  0.830042  0.830086  0.830086  0.830086  0.830086  0.830086  0.830086  0.830284  0.830086  0.830086  0.830086  0.830291  0.830086  0.830291  0.830284  0.830086  0.830121  0.830086  0.830086  0.830291  0.830291  0.830086  0.830257  0.830291  0.830291  0.830257  0.830291  0.830291  0.830291  0.830291  0.830291  0.830291 
===================================================

In thread 36

===================================================
Max = -10620.66016  Min =  0.83029   Avg = -113.35458
No. of mutations = 42425 ;  No. of x-overs = 4047
Number of Lifecyles 3 

String =
Lifecycle 1
0 1 2 3 0 1 0 1 2 0 0 2 0.727625

Lifecycle 2
1 3 1 3 3 3 1 3 3 1 1 3 0.603867

Lifecycle 3
1 3 3 3 3 3 1 3 3 3 3 1 0.608554


 Best ever fitness = 0.830291 from generation = 69
 Best in each gen = 90  0.000000  0.827060  0.827968  0.827485  0.827968  0.827484  0.828815  0.829837  0.827464  0.828470  0.827459  0.827617  0.827315  0.828107  0.829118  0.828397  0.829551  0.828464  0.828426  0.828524  0.828884  0.828831  0.829635  0.828985  0.829418  0.828815  0.828919  0.828947  0.828663  0.829062  0.829837  0.829604  0.829837  0.829837  0.829418  0.829641  0.829875  0.830086  0.829406  0.829551  0.829837  0.829837  0.829837  0.829837  0.830079  0.829449  0.830086  0.830042  0.830086  0.829856  0.830086  0.830086  0.830079  0.829880  0.830086  0.830086  0.830086  0.830086  0.830086  0.830086  0.830086  0.830086  0.830086  0.830086  0.830086  0.830086  0.830086  0.830086  0.830086  0.830291  0.830086  0.830086  0.830291  0.830284  0.830086  0.830086  0.830291  0.830086  0.830086  0.830291  0.830291  0.830291  0.830086  0.830291  0.830291  0.830291  0.830291  0.830291  0.830291  0.830291  0.830291 
===================================================

In thread 38

===================================================
Max = -10620.66016  Min =  0.83029   Avg = -105.40372
No. of mutations = 42705 ;  No. of x-overs = 4060
Number of Lifecyles 3 

String =
Lifecycle 1
2 1 2 0 0 3 0 3 0 3 1 0 0.727625

Lifecycle 2
1 3 1 3 3 3 1 3 3 1 1 3 0.603867

Lifecycle 3
1 3 3 3 3 3 1 3 3 3 3 1 0.608554


 Best ever fitness = 0.830291 from generation = 55
 Best in each gen = 90  0.000000  0.826974  0.827561  0.828011  0.827874  0.827895  0.827277  0.827354  0.828426  0.828921  0.828735  0.829061  0.829635  0.829433  0.829837  0.828821  0.829223  0.828190  0.828769  0.829167  0.828899  0.829692  0.830079  0.829813  0.830086  0.829837  0.829551  0.829396  0.829266  0.829837  0.829813  0.830086  0.829604  0.829692  0.830086  0.830086  0.830079  0.829813  0.830086  0.830042  0.829837  0.830086  0.829880  0.830079  0.830079  0.830086  0.830086  0.830079  0.830086  0.830086  0.830086  0.830086  0.830086  0.830086  0.830086  0.830291  0.830086  0.830086  0.830086  0.830086  0.830086  0.830086  0.830086  0.830086  0.830086  0.830284  0.830086  0.830168  0.830086  0.830257  0.830291  0.830291  0.830284  0.830086  0.830291  0.830291  0.830291  0.830284  0.830291  0.830291  0.830291  0.830291  0.830291  0.830291  0.830291  0.830291  0.830291  0.830291  0.830291  0.830291  0.830291 
===================================================

In thread 37

===================================================
Max = -10620.66016  Min =  0.83029   Avg = -105.39529
No. of mutations = 42471 ;  No. of x-overs = 4052
Number of Lifecyles 3 

String =
Lifecycle 1
0 0 1 0 1 3 3 3 1 0 0 2 0.727625

Lifecycle 2
1 3 1 3 3 3 1 3 3 1 1 3 0.603867

Lifecycle 3
1 3 3 3 3 3 1 3 3 3 3 1 0.608554


 Best ever fitness = 0.830291 from generation = 69
 Best in each gen = 90  0.000000  0.828502  0.828821  0.827667  0.827075  0.827519  0.828978  0.827707  0.827826  0.828343  0.828026  0.828956  0.828978  0.828094  0.829418  0.827406  0.828612  0.828821  0.828697  0.829074  0.829374  0.828798  0.830079  0.828759  0.829837  0.829268  0.830079  0.829837  0.829837  0.829635  0.829209  0.829837  0.829551  0.829360  0.829837  0.830086  0.830086  0.829856  0.829837  0.829813  0.830079  0.830086  0.830079  0.830086  0.829880  0.830079  0.829880  0.830042  0.829837  0.830079  0.830086  0.830086  0.830086  0.830086  0.830086  0.830086  0.830086  0.830086  0.830086  0.830086  0.830086  0.830086  0.830086  0.830086  0.830086  0.830086  0.830086  0.830086  0.830086  0.830291  0.830291  0.830086  0.830086  0.830291  0.830257  0.830291  0.830291  0.830291  0.830086  0.830291  0.830291  0.830291  0.830291  0.830291  0.830291  0.830291  0.830291  0.830291  0.830291  0.830291  0.830291 
===================================================

In thread 39

===================================================
Max = -10620.66016  Min =  0.83029   Avg = -105.39738
No. of mutations = 42338 ;  No. of x-overs = 4074
Number of Lifecyles 3 

String =
Lifecycle 1
2 1 2 3 0 1 1 0 0 2 1 0 0.727625

Lifecycle 2
1 3 1 3 3 3 1 3 3 1 1 3 0.603867

Lifecycle 3
1 3 3 3 3 3 1 3 3 3 3 1 0.608554


 Best ever fitness = 0.830291 from generation = 60
 Best in each gen = 90  0.000000  0.828125  0.828426  0.828038  0.828692  0.828426  0.829105  0.828533  0.828846  0.828923  0.828640  0.829875  0.828707  0.829062  0.828774  0.829418  0.829223  0.828929  0.828985  0.828984  0.830042  0.829441  0.829659  0.829837  0.829397  0.829837  0.830079  0.829406  0.829837  0.829813  0.829880  0.829223  0.829837  0.830012  0.830079  0.830079  0.830042  0.829837  0.830079  0.829837  0.830079  0.829880  0.830079  0.830086  0.830086  0.830086  0.830086  0.830086  0.830079  0.830086  0.830086  0.830086  0.830086  0.830086  0.830086  0.830086  0.830086  0.830086  0.830086  0.830086  0.830291  0.830257  0.830086  0.830291  0.830086  0.830284  0.830086  0.830086  0.830291  0.830086  0.830257  0.830291  0.830086  0.830291  0.830291  0.830291  0.830291  0.830291  0.830291  0.830291  0.830291  0.830291  0.830291  0.830291  0.830291  0.830291  0.830291  0.830291  0.830291  0.830291  0.830291 
===================================================

In thread 40

===================================================
Max = -10620.66016  Min =  0.83029   Avg = -424.04395
No. of mutations = 42852 ;  No. of x-overs = 4105
Number of Lifecyles 3 

String =
Lifecycle 1
0 1 2 3 0 1 0 1 2 0 0 2 0.727625

Lifecycle 2
1 3 1 3 3 3 1 3 3 1 1 3 0.603867

Lifecycle 3
1 3 3 3 3 3 1 3 3 3 3 1 0.608554


 Best ever fitness = 0.830291 from generation = 60
 Best in each gen = 90  0.000000  0.828600  0.828939  0.828735  0.827810  0.829418  0.828879  0.829570  0.828378  0.828643  0.828426  0.828855  0.829040  0.829406  0.828774  0.828694  0.829813  0.829101  0.829604  0.829837  0.829659  0.829692  0.830086  0.829659  0.829813  0.829837  0.829837  0.830086  0.829837  0.830086  0.830079  0.830079  0.830086  0.830079  0.829880  0.830086  0.830284  0.830086  0.830079  0.830086  0.830086  0.830086  0.830042  0.830086  0.830079  0.830284  0.830086  0.830086  0.830086  0.830086  0.830284  0.830086  0.830086  0.830086  0.830086  0.830284  0.830284  0.830086  0.830086  0.830086  0.830291  0.830086  0.830086  0.830291  0.830086  0.830086  0.830148  0.830086  0.830257  0.830291  0.830121  0.830086  0.830284  0.830257  0.830291  0.830291  0.830291  0.830291  0.830291  0.830291  0.830291  0.830291  0.830291  0.830291  0.830291  0.830291  0.830291  0.830291  0.830291  0.830291  0.830291 
===================================================

In thread 41

===================================================
Max = -10620.66016  Min =  0.83029   Avg = -211.61343
No. of mutations = 42163 ;  No. of x-overs = 4076
Number of Lifecyles 3 

String =
Lifecycle 1
1 0 0 3 3 0 0 2 0 0 1 1 0.727625

Lifecycle 2
1 3 1 3 3 3 1 3 3 1 1 3 0.603867

Lifecycle 3
1 3 3 3 3 3 1 3 3 3 3 1 0.608554


 Best ever fitness = 0.830291 from generation = 52
 Best in each gen = 90  0.000000  0.828548  0.829313  0.829360  0.828540  0.828502  0.829837  0.829551  0.828860  0.829347  0.829837  0.829875  0.828524  0.828821  0.829551  0.829692  0.829837  0.829692  0.829214  0.829266  0.829692  0.830079  0.830042  0.829837  0.829837  0.829880  0.829837  0.829837  0.829837  0.829880  0.830086  0.829837  0.830086  0.829880  0.830079  0.829856  0.830042  0.830086  0.830086  0.830086  0.830086  0.830086  0.830079  0.830086  0.830086  0.830284  0.830086  0.830086  0.830284  0.830086  0.830086  0.830086  0.830291  0.830086  0.830086  0.830086  0.830291  0.830291  0.830086  0.830291  0.830086  0.830291  0.830291  0.830291  0.830291  0.830086  0.830257  0.830291  0.830291  0.830291  0.830257  0.830086  0.830291  0.830291  0.830291  0.830291  0.830291  0.830291  0.830291  0.830291  0.830291  0.830291  0.830291  0.830291  0.830291  0.830291  0.830291  0.830291  0.830291  0.830291  0.830291 
===================================================

In thread 42

===================================================
Max = -10620.66016  Min =  0.83029   Avg = -105.48434
No. of mutations = 42465 ;  No. of x-overs = 4066
Number of Lifecyles 3 

String =
Lifecycle 1
0 1 3 2 0 1 0 0 2 2 1 0 0.727625

Lifecycle 2
1 3 1 3 3 3 1 3 3 1 1 3 0.603867

Lifecycle 3
1 3 3 3 3 3 1 3 3 3 3 1 0.608554


 Best ever fitness = 0.830291 from generation = 49
 Best in each gen = 90  0.000000  0.828860  0.829103  0.828978  0.828879  0.828551  0.829187  0.829837  0.829216  0.829268  0.829692  0.829074  0.830086  0.829813  0.829551  0.829813  0.829856  0.829813  0.829327  0.829692  0.829880  0.830079  0.830042  0.829780  0.829837  0.830042  0.829837  0.830086  0.830079  0.830086  0.829837  0.830042  0.829837  0.830079  0.830086  0.830086  0.830086  0.830086  0.830086  0.830086  0.830086  0.830086  0.830086  0.830086  0.830086  0.830086  0.830086  0.830086  0.830086  0.830291  0.830086  0.830086  0.830086  0.830086  0.830086  0.830086  0.830291  0.830291  0.830148  0.830086  0.830291  0.830291  0.830291  0.830291  0.830291  0.830291  0.830291  0.830291  0.830291  0.830291  0.830291  0.830291  0.830291  0.830291  0.830291  0.830291  0.830291  0.830291  0.830291  0.830291  0.830291  0.830291  0.830291  0.830291  0.830291  0.830291  0.830291  0.830291  0.830291  0.830291  0.830291 
===================================================

In thread 43

===================================================
Max = -10620.66016  Min =  0.83029   Avg = -121.14389
No. of mutations = 42417 ;  No. of x-overs = 4039
Number of Lifecyles 3 

String =
Lifecycle 1
2 1 2 0 0 3 1 3 0 2 1 0 0.727625

Lifecycle 2
1 3 1 3 3 3 1 3 3 1 1 3 0.603867

Lifecycle 3
1 3 3 3 3 3 1 3 3 3 3 1 0.608554


 Best ever fitness = 0.830291 from generation = 49
 Best in each gen = 90  0.000000  0.828854  0.829437  0.828952  0.828821  0.828612  0.830086  0.828735  0.829780  0.829837  0.829813  0.829692  0.829551  0.829604  0.829726  0.829813  0.829856  0.829813  0.829692  0.829837  0.829880  0.829880  0.830086  0.829880  0.830012  0.829837  0.830086  0.830086  0.830086  0.830086  0.830042  0.830086  0.830086  0.830079  0.830086  0.830086  0.830257  0.830086  0.830086  0.830086  0.830086  0.830086  0.830086  0.830086  0.830086  0.830086  0.830086  0.830086  0.830086  0.830291  0.830284  0.830291  0.830284  0.830086  0.830086  0.830291  0.830291  0.830291  0.830257  0.830257  0.830291  0.830284  0.830291  0.830291  0.830291  0.830291  0.830291  0.830291  0.830291  0.830291  0.830291  0.830291  0.830291  0.830291  0.830291  0.830291  0.830291  0.830291  0.830291  0.830291  0.830291  0.830291  0.830291  0.830291  0.830291  0.830291  0.830291  0.830291  0.830291  0.830291  0.830291 
===================================================

In thread 44

===================================================
Max = -10620.66016  Min =  0.83029   Avg = -105.39697
No. of mutations = 42351 ;  No. of x-overs = 4064
Number of Lifecyles 3 

String =
Lifecycle 1
0 1 2 2 0 1 1 3 3 3 1 0 0.727625

Lifecycle 2
1 3 1 3 3 3 1 3 3 1 1 3 0.603867

Lifecycle 3
1 3 3 3 3 3 1 3 3 3 3 1 0.608554


 Best ever fitness = 0.830291 from generation = 48
 Best in each gen = 90  0.000000  0.829143  0.828895  0.829092  0.829880  0.830079  0.829406  0.829659  0.829837  0.830086  0.829837  0.829675  0.829837  0.829692  0.829374  0.829692  0.829813  0.829875  0.829813  0.830079  0.830042  0.829837  0.829692  0.829880  0.829880  0.830042  0.830086  0.830086  0.830086  0.829837  0.830086  0.830042  0.830086  0.830086  0.830086  0.830086  0.830086  0.830086  0.830086  0.830086  0.830086  0.830086  0.830086  0.830086  0.830284  0.830086  0.830168  0.830086  0.830291  0.830291  0.830291  0.830284  0.830291  0.830284  0.830086  0.830291  0.830291  0.830284  0.830291  0.830086  0.830291  0.830291  0.830291  0.830291  0.830291  0.830291  0.830291  0.830291  0.830291  0.830291  0.830291  0.830291  0.830291  0.830291  0.830291  0.830291  0.830291  0.830291  0.830291  0.830291  0.830291  0.830291  0.830291  0.830291  0.830291  0.830291  0.830291  0.830291  0.830291  0.830291  0.830291 
===================================================

In thread 45

===================================================
Max = -10620.66016  Min =  0.83029   Avg = -317.82877
No. of mutations = 42304 ;  No. of x-overs = 4037
Number of Lifecyles 3 

String =
Lifecycle 1
1 0 0 0 2 0 3 1 1 2 1 0 0.726184

Lifecycle 2
1 3 1 3 3 3 1 3 3 1 1 3 0.603867

Lifecycle 3
1 3 3 3 3 3 1 3 3 3 3 1 0.608554


 Best ever fitness = 0.830323 from generation = 83
 Best in each gen = 90  0.000000  0.829214  0.829635  0.828821  0.829612  0.828978  0.830079  0.829813  0.828860  0.829780  0.829659  0.829837  0.829837  0.830086  0.830079  0.829875  0.829837  0.829837  0.830079  0.830086  0.830086  0.830086  0.830086  0.830086  0.829813  0.830042  0.830086  0.830086  0.830086  0.830042  0.830086  0.830086  0.830086  0.830121  0.830042  0.830257  0.830086  0.830086  0.830086  0.830086  0.830086  0.830086  0.830086  0.830086  0.830168  0.830086  0.830086  0.830086  0.830291  0.830284  0.830086  0.830086  0.830291  0.830291  0.830291  0.830291  0.830291  0.830291  0.830291  0.830291  0.830291  0.830291  0.830291  0.830291  0.830291  0.830291  0.830291  0.830291  0.830291  0.830291  0.830291  0.830291  0.830291  0.830291  0.830291  0.830291  0.830291  0.830291  0.830291  0.830291  0.830291  0.830291  0.830291  0.830323  0.830291  0.830291  0.830291  0.830291  0.830291  0.830291  0.830291 
===================================================

In thread 46

===================================================
Max = -10620.66016  Min =  0.83029   Avg = -105.40472
No. of mutations = 42543 ;  No. of x-overs = 4071
Number of Lifecyles 3 

String =
Lifecycle 1
2 0 2 1 2 1 0 0 0 2 1 0 0.726184

Lifecycle 2
1 3 1 3 3 3 1 3 3 1 1 3 0.603867

Lifecycle 3
1 3 3 3 3 3 1 3 3 3 3 1 0.608554


 Best ever fitness = 0.830323 from generation = 86
 Best in each gen = 90  0.000000  0.829313  0.829837  0.829692  0.829692  0.829406  0.829813  0.829837  0.829875  0.830042  0.829813  0.829880  0.829880  0.829837  0.830042  0.830042  0.830019  0.829837  0.829837  0.830086  0.830086  0.830086  0.830086  0.829837  0.830086  0.830086  0.830086  0.830086  0.830086  0.830086  0.830086  0.830086  0.830086  0.830086  0.830284  0.830086  0.830086  0.830086  0.830086  0.830086  0.830291  0.830086  0.830291  0.830086  0.830291  0.830086  0.830086  0.830291  0.830291  0.830291  0.830291  0.830086  0.830291  0.830086  0.830291  0.830291  0.830284  0.830291  0.830291  0.830291  0.830291  0.830291  0.830291  0.830291  0.830291  0.830291  0.830291  0.830291  0.830291  0.830291  0.830291  0.830291  0.830291  0.830291  0.830291  0.830291  0.830291  0.830291  0.830291  0.830291  0.830291  0.830291  0.830291  0.830291  0.830291  0.830291  0.830323  0.830323  0.830291  0.830291  0.830291 
===================================================

In thread 48

===================================================
Max = -10620.66016  Min =  0.83032   Avg = -211.61357
No. of mutations = 42267 ;  No. of x-overs = 4056
Number of Lifecyles 3 

String =
Lifecycle 1
1 3 0 0 2 3 2 1 2 1 1 3 0.726184

Lifecycle 2
1 3 1 3 3 3 1 3 3 1 1 3 0.603867

Lifecycle 3
1 3 3 3 3 3 1 3 3 3 3 1 0.608554


 Best ever fitness = 0.830323 from generation = 81
 Best in each gen = 90  0.000000  0.829837  0.829780  0.830042  0.830079  0.829692  0.830086  0.830086  0.830086  0.830042  0.829880  0.829875  0.829880  0.830086  0.830086  0.830079  0.830086  0.830086  0.830086  0.830079  0.830086  0.830086  0.830086  0.830086  0.830086  0.830257  0.830086  0.830086  0.830086  0.830086  0.830086  0.830086  0.830086  0.830086  0.830086  0.830086  0.830291  0.830086  0.830086  0.830291  0.830284  0.830291  0.830291  0.830291  0.830284  0.830291  0.830291  0.830291  0.830291  0.830291  0.830291  0.830291  0.830291  0.830291  0.830291  0.830291  0.830291  0.830291  0.830291  0.830291  0.830291  0.830291  0.830291  0.830291  0.830291  0.830291  0.830291  0.830291  0.830291  0.830291  0.830291  0.830291  0.830291  0.830291  0.830291  0.830291  0.830291  0.830291  0.830291  0.830291  0.830291  0.830323  0.830291  0.830291  0.830291  0.830291  0.830291  0.830323  0.830291  0.830291  0.830323 
===================================================

In thread 47

===================================================
Max = -10620.66016  Min =  0.83029   Avg = -211.61293
No. of mutations = 42630 ;  No. of x-overs = 4028
Number of Lifecyles 3 

String =
Lifecycle 1
0 1 2 2 1 0 2 2 1 3 3 0 0.727625

Lifecycle 2
1 3 1 3 3 3 1 3 3 1 1 3 0.603867

Lifecycle 3
1 3 3 3 3 3 1 3 3 3 3 1 0.608554


 Best ever fitness = 0.830291 from generation = 34
 Best in each gen = 90  0.000000  0.829604  0.829378  0.829837  0.829837  0.829551  0.829592  0.830086  0.830086  0.829856  0.829837  0.830086  0.829837  0.830042  0.830079  0.830284  0.830086  0.830086  0.830086  0.830086  0.830086  0.830086  0.830086  0.830086  0.830086  0.830086  0.830086  0.830086  0.830086  0.830086  0.830086  0.830086  0.830086  0.830086  0.830291  0.830086  0.830291  0.830086  0.830257  0.830086  0.830086  0.830257  0.830291  0.830291  0.830284  0.830257  0.830291  0.830291  0.830291  0.830291  0.830291  0.830291  0.830291  0.830291  0.830291  0.830291  0.830291  0.830291  0.830291  0.830291  0.830291  0.830291  0.830291  0.830291  0.830291  0.830291  0.830291  0.830291  0.830291  0.830291  0.830291  0.830291  0.830291  0.830291  0.830291  0.830291  0.830291  0.830291  0.830291  0.830291  0.830291  0.830291  0.830291  0.830291  0.830291  0.830291  0.830291  0.830291  0.830291  0.830291  0.830291 
===================================================

In thread 50

===================================================
Max = -10620.66016  Min =  0.83029   Avg = -105.40467
No. of mutations = 42426 ;  No. of x-overs = 4036
Number of Lifecyles 3 

String =
Lifecycle 1
1 0 2 0 2 1 0 0 0 2 1 2 0.726184

Lifecycle 2
1 3 1 3 3 3 1 3 3 1 1 3 0.603867

Lifecycle 3
1 3 3 3 3 3 1 3 3 3 3 1 0.608554


 Best ever fitness = 0.830323 from generation = 84
 Best in each gen = 90  0.000000  0.830079  0.829837  0.830086  0.830086  0.830086  0.830086  0.830086  0.830086  0.830086  0.830086  0.830079  0.830086  0.830086  0.830086  0.830086  0.830086  0.830086  0.830086  0.830086  0.830086  0.830291  0.830086  0.830086  0.830086  0.830086  0.830257  0.830086  0.830284  0.830291  0.830086  0.830086  0.830086  0.830291  0.830086  0.830291  0.830291  0.830086  0.830291  0.830291  0.830291  0.830291  0.830291  0.830291  0.830291  0.830291  0.830291  0.830291  0.830291  0.830291  0.830291  0.830291  0.830291  0.830291  0.830291  0.830291  0.830291  0.830291  0.830291  0.830291  0.830291  0.830291  0.830291  0.830291  0.830291  0.830291  0.830291  0.830291  0.830291  0.830291  0.830291  0.830291  0.830291  0.830291  0.830291  0.830291  0.830291  0.830291  0.830291  0.830291  0.830291  0.830291  0.830291  0.830291  0.830323  0.830291  0.830291  0.830291  0.830291  0.830291  0.830291 
===================================================

In thread 51

===================================================
Max = -10620.66016  Min =  0.83032   Avg = -211.61189
No. of mutations = 42611 ;  No. of x-overs = 4057
Number of Lifecyles 3 

String =
Lifecycle 1
1 0 0 0 2 0 3 1 1 2 1 0 0.726184

Lifecycle 2
1 3 1 3 3 3 1 3 3 1 1 3 0.603867

Lifecycle 3
1 3 3 3 3 3 1 3 3 3 3 1 0.608554


 Best ever fitness = 0.830323 from generation = 58
 Best in each gen = 90  0.000000  0.830079  0.830086  0.830079  0.830086  0.830086  0.830079  0.830086  0.830086  0.830079  0.830086  0.830086  0.830086  0.830291  0.830086  0.830086  0.830086  0.830086  0.830086  0.830086  0.830086  0.830086  0.830086  0.830086  0.830086  0.830086  0.830257  0.830086  0.830086  0.830291  0.830257  0.830086  0.830086  0.830291  0.830291  0.830291  0.830291  0.830291  0.830291  0.830291  0.830291  0.830291  0.830291  0.830291  0.830291  0.830291  0.830291  0.830291  0.830291  0.830291  0.830291  0.830291  0.830291  0.830291  0.830291  0.830291  0.830291  0.830291  0.830323  0.830291  0.830291  0.830291  0.830291  0.830291  0.830291  0.830291  0.830291  0.830291  0.830291  0.830291  0.830291  0.830291  0.830291  0.830323  0.830291  0.830291  0.830291  0.830291  0.830291  0.830291  0.830323  0.830323  0.830291  0.830291  0.830291  0.830291  0.830291  0.830291  0.830323  0.830291  0.830323 
===================================================

In thread 49

===================================================
Max = -10620.66016  Min =  0.83029   Avg = -211.61578
No. of mutations = 42433 ;  No. of x-overs = 4076
Number of Lifecyles 3 

String =
Lifecycle 1
0 2 1 3 2 0 3 1 1 1 1 2 0.726184

Lifecycle 2
1 3 1 3 3 3 1 3 3 1 1 3 0.603867

Lifecycle 3
1 3 3 3 3 3 1 3 3 3 3 1 0.608554


 Best ever fitness = 0.830323 from generation = 76
 Best in each gen = 90  0.000000  0.829837  0.830086  0.829837  0.830086  0.829837  0.830079  0.830086  0.830079  0.830086  0.830086  0.830086  0.830042  0.830086  0.830086  0.830086  0.830079  0.830086  0.830086  0.830086  0.830086  0.830086  0.830086  0.830086  0.830121  0.830086  0.830086  0.830291  0.830086  0.830086  0.830291  0.830086  0.830086  0.830284  0.830284  0.830291  0.830284  0.830284  0.830291  0.830086  0.830291  0.830291  0.830291  0.830291  0.830291  0.830291  0.830291  0.830291  0.830291  0.830291  0.830291  0.830291  0.830291  0.830291  0.830291  0.830291  0.830291  0.830291  0.830291  0.830291  0.830291  0.830291  0.830291  0.830291  0.830291  0.830291  0.830291  0.830291  0.830291  0.830291  0.830291  0.830291  0.830291  0.830291  0.830291  0.830291  0.830323  0.830291  0.830291  0.830291  0.830291  0.830291  0.830291  0.830291  0.830323  0.830291  0.830291  0.830323  0.830323  0.830323  0.830291 
===================================================

In thread 53

===================================================
Max = -10620.66016  Min =  0.83032   Avg = -105.40024
No. of mutations = 42549 ;  No. of x-overs = 4025
Number of Lifecyles 3 

String =
Lifecycle 1
1 0 0 0 3 0 3 1 1 2 1 0 0.726184

Lifecycle 2
1 3 1 3 3 3 1 3 3 1 1 3 0.603867

Lifecycle 3
1 3 3 3 3 3 1 3 3 3 3 1 0.608554


 Best ever fitness = 0.830323 from generation = 52
 Best in each gen = 90  0.000000  0.830086  0.830079  0.830086  0.830079  0.830086  0.830086  0.830086  0.830086  0.830086  0.830086  0.830086  0.830086  0.830086  0.830086  0.830284  0.830086  0.830291  0.830291  0.830086  0.830086  0.830168  0.830086  0.830086  0.830086  0.830291  0.830284  0.830291  0.830291  0.830291  0.830291  0.830291  0.830291  0.830291  0.830291  0.830291  0.830291  0.830291  0.830291  0.830291  0.830291  0.830291  0.830291  0.830291  0.830291  0.830291  0.830291  0.830291  0.830291  0.830291  0.830291  0.830291  0.830323  0.830291  0.830291  0.830291  0.830291  0.830291  0.830291  0.830323  0.830291  0.830291  0.830291  0.830291  0.830291  0.830291  0.830291  0.830291  0.830291  0.830291  0.830323  0.830291  0.830291  0.830323  0.830291  0.830323  0.830291  0.830291  0.830323  0.830291  0.830323  0.830291  0.830323  0.830291  0.830323  0.830323  0.830323  0.830291  0.830291  0.830323  0.830323 
===================================================

In thread 52

===================================================
Max =  0.62329  Min =  0.83029   Avg =  0.81130
No. of mutations = 42451 ;  No. of x-overs = 4030
Number of Lifecyles 3 

String =
Lifecycle 1
2 2 2 0 2 1 0 2 2 2 3 0 0.726184

Lifecycle 2
1 3 1 3 3 3 1 3 3 1 1 3 0.603867

Lifecycle 3
1 3 3 3 3 3 1 3 3 3 3 1 0.608554


 Best ever fitness = 0.830323 from generation = 64
 Best in each gen = 90  0.000000  0.830086  0.830086  0.830086  0.830086  0.830042  0.830086  0.830086  0.830079  0.830086  0.830079  0.830086  0.830086  0.830086  0.830086  0.830086  0.830086  0.830086  0.830086  0.830086  0.830284  0.830257  0.830086  0.830086  0.830291  0.830291  0.830284  0.830291  0.830086  0.830291  0.830257  0.830291  0.830291  0.830291  0.830291  0.830291  0.830291  0.830291  0.830291  0.830291  0.830291  0.830291  0.830291  0.830291  0.830291  0.830291  0.830291  0.830291  0.830291  0.830291  0.830291  0.830291  0.830291  0.830291  0.830291  0.830291  0.830291  0.830291  0.830291  0.830291  0.830291  0.830291  0.830291  0.830291  0.830323  0.830291  0.830291  0.830291  0.830291  0.830291  0.830291  0.830291  0.830323  0.830291  0.830291  0.830291  0.830291  0.830323  0.830291  0.830291  0.830291  0.830323  0.830291  0.830323  0.830323  0.830323  0.830291  0.830323  0.830291  0.830323  0.830291 
===================================================

In thread 54

===================================================
Max = -10620.66016  Min =  0.83032   Avg = -530.26416
No. of mutations = 42713 ;  No. of x-overs = 4073
Number of Lifecyles 3 

String =
Lifecycle 1
1 2 0 2 1 2 2 1 3 0 1 0 0.726184

Lifecycle 2
1 3 1 3 3 3 1 3 3 1 1 3 0.603867

Lifecycle 3
1 3 3 3 3 3 1 3 3 3 3 1 0.608554


 Best ever fitness = 0.830323 from generation = 57
 Best in each gen = 90  0.000000  0.830086  0.830086  0.830086  0.830086  0.830086  0.830086  0.830086  0.830086  0.830086  0.830086  0.830086  0.830086  0.830284  0.830257  0.830291  0.830086  0.830257  0.830291  0.830291  0.830291  0.830086  0.830257  0.830291  0.830291  0.830291  0.830291  0.830291  0.830291  0.830291  0.830291  0.830291  0.830291  0.830291  0.830291  0.830291  0.830291  0.830291  0.830291  0.830291  0.830291  0.830291  0.830291  0.830291  0.830291  0.830291  0.830291  0.830291  0.830291  0.830291  0.830291  0.830291  0.830291  0.830291  0.830291  0.830291  0.830291  0.830323  0.830291  0.830291  0.830291  0.830291  0.830291  0.830291  0.830291  0.830291  0.830291  0.830291  0.830323  0.830323  0.830291  0.830323  0.830323  0.830291  0.830291  0.830323  0.830323  0.830323  0.830323  0.830291  0.830323  0.830323  0.830323  0.830291  0.830323  0.830323  0.830323  0.830323  0.830323  0.830291  0.830323 
===================================================

In thread 55

===================================================
Max = -10620.66016  Min =  0.83032   Avg = -211.61832
No. of mutations = 42494 ;  No. of x-overs = 4049
Number of Lifecyles 3 

String =
Lifecycle 1
1 3 2 2 1 2 3 3 1 1 1 2 0.726184

Lifecycle 2
1 3 1 3 3 3 1 3 3 1 1 3 0.603867

Lifecycle 3
1 3 3 3 3 3 1 3 3 3 3 1 0.608554


 Best ever fitness = 0.830323 from generation = 61
 Best in each gen = 90  0.000000  0.830086  0.830086  0.830086  0.830257  0.830086  0.830086  0.830086  0.830086  0.830284  0.830086  0.830086  0.830086  0.830086  0.830291  0.830086  0.830284  0.830086  0.830086  0.830086  0.830291  0.830291  0.830086  0.830291  0.830291  0.830291  0.830291  0.830291  0.830291  0.830291  0.830291  0.830291  0.830291  0.830291  0.830291  0.830291  0.830291  0.830291  0.830291  0.830291  0.830291  0.830291  0.830291  0.830291  0.830291  0.830291  0.830291  0.830291  0.830291  0.830291  0.830291  0.830291  0.830291  0.830291  0.830291  0.830291  0.830291  0.830291  0.830291  0.830291  0.830291  0.830323  0.830291  0.830291  0.830323  0.830291  0.830291  0.830291  0.830291  0.830291  0.830323  0.830291  0.830323  0.830291  0.830291  0.830323  0.830323  0.830323  0.830323  0.830291  0.830323  0.830323  0.830323  0.830323  0.830323  0.830291  0.830323  0.830323  0.830323  0.830323  0.830323 
===================================================

In thread 56

===================================================
Max = -10620.66016  Min =  0.83032   Avg = -211.61205
No. of mutations = 42303 ;  No. of x-overs = 4084
Number of Lifecyles 3 

String =
Lifecycle 1
0 0 2 1 1 0 3 0 3 3 1 2 0.726184

Lifecycle 2
1 3 1 3 3 3 1 3 3 1 1 3 0.603867

Lifecycle 3
1 3 3 3 3 3 1 3 3 3 3 1 0.608554


 Best ever fitness = 0.830323 from generation = 62
 Best in each gen = 90  0.000000  0.830086  0.830086  0.830086  0.830086  0.830086  0.830086  0.830284  0.830086  0.830086  0.830284  0.830086  0.830291  0.830291  0.830086  0.830086  0.830291  0.830291  0.830291  0.830291  0.830291  0.830291  0.830291  0.830291  0.830291  0.830291  0.830291  0.830291  0.830291  0.830291  0.830291  0.830291  0.830291  0.830291  0.830291  0.830291  0.830291  0.830291  0.830291  0.830291  0.830291  0.830291  0.830291  0.830291  0.830291  0.830291  0.830291  0.830291  0.830291  0.830291  0.830291  0.830291  0.830291  0.830291  0.830291  0.830291  0.830291  0.830291  0.830291  0.830291  0.830291  0.830291  0.830323  0.830291  0.830323  0.830291  0.830323  0.830323  0.830323  0.830291  0.830323  0.830323  0.830323  0.830323  0.830323  0.830323  0.830323  0.830323  0.830323  0.830323  0.830323  0.830323  0.830323  0.830323  0.830323  0.830323  0.830323  0.830323  0.830323  0.830323  0.830323 
===================================================

In thread 57

===================================================
Max = -10620.66016  Min =  0.83032   Avg = -211.61414
No. of mutations = 42038 ;  No. of x-overs = 4021
Number of Lifecyles 3 

String =
Lifecycle 1
1 0 2 0 2 1 0 0 0 2 0 2 0.726184

Lifecycle 2
1 3 1 3 3 3 1 3 3 1 1 3 0.603867

Lifecycle 3
1 3 3 3 3 3 1 3 3 3 3 1 0.608554


 Best ever fitness = 0.830323 from generation = 49
 Best in each gen = 90  0.000000  0.830086  0.830284  0.830257  0.830086  0.830086  0.830086  0.830291  0.830086  0.830086  0.830291  0.830291  0.830086  0.830291  0.830291  0.830291  0.830291  0.830291  0.830291  0.830284  0.830291  0.830291  0.830291  0.830291  0.830291  0.830291  0.830291  0.830291  0.830291  0.830291  0.830291  0.830291  0.830291  0.830291  0.830291  0.830291  0.830291  0.830291  0.830291  0.830291  0.830291  0.830291  0.830291  0.830291  0.830291  0.830291  0.830291  0.830291  0.830291  0.830323  0.830291  0.830291  0.830291  0.830291  0.830323  0.830291  0.830291  0.830291  0.830291  0.830291  0.830291  0.830323  0.830291  0.830291  0.830323  0.830323  0.830323  0.830323  0.830291  0.830291  0.830323  0.830323  0.830323  0.830291  0.830323  0.830323  0.830323  0.830323  0.830323  0.830323  0.830323  0.830323  0.830323  0.830323  0.830323  0.830323  0.830323  0.830323  0.830323  0.830323  0.830323 
===================================================

In thread 59

===================================================
Max = -10620.66016  Min =  0.83032   Avg = -530.25531
No. of mutations = 42687 ;  No. of x-overs = 4062
Number of Lifecyles 3 

String =
Lifecycle 1
1 0 2 1 1 3 1 2 0 1 1 0 0.726184

Lifecycle 2
1 3 1 3 3 3 1 3 3 1 1 3 0.603867

Lifecycle 3
1 3 3 3 3 3 1 3 3 3 3 1 0.608554


 Best ever fitness = 0.830323 from generation = 39
 Best in each gen = 90  0.000000  0.830284  0.830086  0.830086  0.830284  0.830291  0.830291  0.830291  0.830086  0.830291  0.830291  0.830291  0.830291  0.830291  0.830291  0.830291  0.830291  0.830291  0.830291  0.830291  0.830291  0.830291  0.830291  0.830291  0.830291  0.830291  0.830291  0.830291  0.830291  0.830291  0.830291  0.830291  0.830291  0.830291  0.830291  0.830291  0.830291  0.830291  0.830291  0.830323  0.830291  0.830291  0.830291  0.830291  0.830291  0.830323  0.830291  0.830291  0.830291  0.830323  0.830291  0.830291  0.830291  0.830291  0.830323  0.830323  0.830291  0.830291  0.830323  0.830323  0.830291  0.830291  0.830291  0.830291  0.830291  0.830323  0.830323  0.830323  0.830323  0.830323  0.830291  0.830323  0.830291  0.830323  0.830323  0.830323  0.830323  0.830323  0.830323  0.830323  0.830291  0.830323  0.830291  0.830323  0.830323  0.830323  0.830323  0.830323  0.830323  0.830323  0.830323 
===================================================

In thread 61

===================================================
Max = -10620.66016  Min =  0.83029   Avg = -211.61281
No. of mutations = 42486 ;  No. of x-overs = 4074
Number of Lifecyles 3 

String =
Lifecycle 1
0 3 1 3 2 0 0 2 2 2 1 3 0.726184

Lifecycle 2
1 3 1 0 1 3 1 1 3 1 3 3 0.603867

Lifecycle 3
1 3 3 3 3 3 1 3 3 3 3 1 0.608554


 Best ever fitness = 0.830364 from generation = 68
 Best in each gen = 90  0.000000  0.830291  0.830291  0.830291  0.830291  0.830291  0.830291  0.830291  0.830291  0.830291  0.830291  0.830291  0.830291  0.830291  0.830291  0.830291  0.830291  0.830291  0.830291  0.830291  0.830291  0.830291  0.830291  0.830291  0.830291  0.830291  0.830291  0.830291  0.830291  0.830291  0.830291  0.830291  0.830291  0.830323  0.830291  0.830291  0.830291  0.830291  0.830291  0.830291  0.830291  0.830291  0.830291  0.830323  0.830291  0.830291  0.830291  0.830291  0.830291  0.830291  0.830323  0.830291  0.830291  0.830291  0.830291  0.830323  0.830291  0.830323  0.830291  0.830323  0.830323  0.830291  0.830323  0.830323  0.830323  0.830323  0.830323  0.830323  0.830364  0.830323  0.830323  0.830323  0.830323  0.830323  0.830364  0.830323  0.830323  0.830323  0.830323  0.830323  0.830323  0.830323  0.830323  0.830323  0.830323  0.830323  0.830323  0.830323  0.830323  0.830323  0.830291 
===================================================

In thread 58

===================================================
Max = -10620.66016  Min =  0.83032   Avg = -211.61174
No. of mutations = 42760 ;  No. of x-overs = 4094
Number of Lifecyles 3 

String =
Lifecycle 1
0 2 1 1 1 2 1 0 2 3 3 2 0.726184

Lifecycle 2
1 3 1 3 3 3 1 3 3 1 1 3 0.603867

Lifecycle 3
1 3 3 3 3 3 1 3 3 3 3 1 0.608554


 Best ever fitness = 0.830323 from generation = 53
 Best in each gen = 90  0.000000  0.830257  0.830086  0.830086  0.830257  0.830291  0.830291  0.830284  0.830086  0.830086  0.830291  0.830291  0.830291  0.830291  0.830086  0.830291  0.830291  0.830291  0.830291  0.830291  0.830291  0.830291  0.830291  0.830291  0.830291  0.830291  0.830291  0.830291  0.830291  0.830291  0.830291  0.830291  0.830291  0.830291  0.830291  0.830291  0.830291  0.830291  0.830291  0.830291  0.830291  0.830291  0.830291  0.830291  0.830291  0.830291  0.830291  0.830291  0.830291  0.830291  0.830291  0.830291  0.830291  0.830323  0.830323  0.830291  0.830291  0.830291  0.830291  0.830291  0.830323  0.830291  0.830323  0.830323  0.830291  0.830323  0.830291  0.830291  0.830291  0.830291  0.830323  0.830323  0.830291  0.830323  0.830323  0.830323  0.830291  0.830323  0.830323  0.830323  0.830323  0.830323  0.830323  0.830323  0.830323  0.830323  0.830323  0.830291  0.830323  0.830323  0.830323 
===================================================

In thread 60

===================================================
Max = -10620.66016  Min =  0.83032   Avg = -105.40010
No. of mutations = 42483 ;  No. of x-overs = 4068
Number of Lifecyles 3 

String =
Lifecycle 1
0 3 1 3 2 0 0 2 2 2 1 3 0.726184

Lifecycle 2
1 3 1 0 1 3 1 1 3 1 3 3 0.603867

Lifecycle 3
1 3 3 3 3 3 1 3 3 3 3 1 0.608554


 Best ever fitness = 0.830364 from generation = 74
 Best in each gen = 90  0.000000  0.830086  0.830257  0.830291  0.830086  0.830291  0.830291  0.830291  0.830291  0.830291  0.830291  0.830291  0.830291  0.830291  0.830291  0.830291  0.830291  0.830291  0.830291  0.830291  0.830291  0.830291  0.830291  0.830291  0.830291  0.830291  0.830291  0.830291  0.830291  0.830291  0.830291  0.830291  0.830291  0.830291  0.830291  0.830291  0.830291  0.830291  0.830291  0.830323  0.830291  0.830291  0.830291  0.830291  0.830323  0.830291  0.830291  0.830323  0.830291  0.830291  0.830323  0.830291  0.830323  0.830323  0.830323  0.830291  0.830323  0.830323  0.830291  0.830291  0.830323  0.830291  0.830323  0.830323  0.830323  0.830323  0.830323  0.830323  0.830291  0.830323  0.830323  0.830323  0.830323  0.830323  0.830364  0.830291  0.830323  0.830323  0.830323  0.830323  0.830323  0.830323  0.830323  0.830323  0.830323  0.830323  0.830323  0.830323  0.830323  0.830323  0.830323 
===================================================

In thread 63

===================================================
Max = -10620.66016  Min =  0.83032   Avg = -211.61711
No. of mutations = 42224 ;  No. of x-overs = 4027
Number of Lifecyles 3 

String =
Lifecycle 1
1 3 0 1 1 1 0 1 1 1 1 2 0.726184

Lifecycle 2
1 3 1 3 3 3 1 3 3 1 1 3 0.603867

Lifecycle 3
1 3 3 3 3 3 1 3 3 3 3 1 0.608554


 Best ever fitness = 0.830323 from generation = 31
 Best in each gen = 90  0.000000  0.830291  0.830291  0.830291  0.830291  0.830291  0.830291  0.830291  0.830291  0.830291  0.830291  0.830291  0.830291  0.830291  0.830291  0.830291  0.830291  0.830291  0.830291  0.830291  0.830291  0.830291  0.830291  0.830291  0.830291  0.830291  0.830291  0.830291  0.830291  0.830291  0.830291  0.830323  0.830291  0.830291  0.830291  0.830323  0.830291  0.830291  0.830291  0.830291  0.830291  0.830291  0.830323  0.830291  0.830291  0.830291  0.830291  0.830291  0.830323  0.830323  0.830323  0.830291  0.830291  0.830291  0.830323  0.830291  0.830323  0.830323  0.830323  0.830291  0.830323  0.830291  0.830291  0.830323  0.830323  0.830323  0.830323  0.830323  0.830323  0.830323  0.830323  0.830323  0.830323  0.830323  0.830323  0.830323  0.830323  0.830323  0.830323  0.830323  0.830323  0.830323  0.830291  0.830323  0.830323  0.830323  0.830323  0.830323  0.830323  0.830323  0.830323 
===================================================

In thread 62

===================================================
Max = -10620.66016  Min =  0.83032   Avg = -317.82874
No. of mutations = 42206 ;  No. of x-overs = 4081
Number of Lifecyles 3 

String =
Lifecycle 1
1 2 3 1 1 1 0 0 3 1 3 3 0.726184

Lifecycle 2
1 3 1 3 3 3 1 3 3 1 1 3 0.603867

Lifecycle 3
1 3 3 3 3 3 1 3 3 3 3 1 0.608554


 Best ever fitness = 0.830323 from generation = 34
 Best in each gen = 90  0.000000  0.830291  0.830291  0.830291  0.830291  0.830291  0.830291  0.830291  0.830291  0.830291  0.830291  0.830291  0.830291  0.830291  0.830291  0.830291  0.830291  0.830291  0.830291  0.830291  0.830291  0.830291  0.830291  0.830291  0.830291  0.830291  0.830291  0.830291  0.830291  0.830291  0.830291  0.830291  0.830291  0.830291  0.830323  0.830323  0.830291  0.830291  0.830291  0.830291  0.830291  0.830291  0.830323  0.830291  0.830291  0.830291  0.830323  0.830291  0.830323  0.830323  0.830291  0.830323  0.830323  0.830323  0.830291  0.830323  0.830323  0.830323  0.830323  0.830323  0.830323  0.830291  0.830323  0.830291  0.830323  0.830323  0.830323  0.830323  0.830323  0.830291  0.830323  0.830323  0.830291  0.830291  0.830323  0.830323  0.830323  0.830323  0.830323  0.830323  0.830323  0.830291  0.830323  0.830323  0.830323  0.830323  0.830323  0.830323  0.830323  0.830323  0.830323 
===================================================


 O.K Good bye !!!
