1 0.459110 0.442829 0.477314 0.477907 0.503224 0.531910
2 0.488848 0.441586 0.479339 0.487350 0.521159 0.525074
3 0.482425 0.483859 0.489388 0.493023 0.514796 0.527456
4 0.506588 0.489167 0.499292 0.500553 0.524985 0.528657
5 0.512595 0.493790 0.504167 0.502250 0.513827 0.529773
6 0.522912 0.506359 0.513477 0.513881 0.532510 0.538111
7 0.529085 0.516628 0.518334 0.507144 0.529402 0.541351
8 0.539335 0.542186 0.525940 0.521034 0.544624 0.540537
9 0.551580 0.548555 0.535378 0.523282 0.543325 0.537157
10 0.562160 0.560039 0.536665 0.539882 0.545152 0.535832
11 0.567588 0.564815 0.549038 0.543017 0.545487 0.539902
12 0.580177 0.566737 0.551412 0.555954 0.541582 0.540092
13 0.580824 0.579021 0.561539 0.554003 0.548472 0.539812
14 0.585682 0.584073 0.566985 0.554564 0.550056 0.543176
15 0.591135 0.589146 0.572098 0.559809 0.552866 0.541787
16 0.595058 0.594631 0.575267 0.564382 0.555146 0.549173
17 0.595801 0.596241 0.581637 0.568038 0.561612 0.544011
18 0.597906 0.598233 0.582278 0.569552 0.565139 0.549107
19 0.601569 0.603300 0.584881 0.574247 0.563516 0.546944
20 0.603368 0.604529 0.589483 0.577193 0.566982 0.560792
21 0.606913 0.606037 0.591963 0.580337 0.564227 0.560519
22 0.608520 0.608982 0.596482 0.582306 0.567925 0.555202
23 0.613797 0.608977 0.598638 0.585694 0.572469 0.553415
24 0.613601 0.610387 0.601695 0.586383 0.578687 0.548331
25 0.614480 0.613259 0.601774 0.589551 0.575398 0.556653
26 0.616410 0.615005 0.604506 0.592605 0.577541 0.551507
27 0.617640 0.615197 0.607297 0.597248 0.583409 0.553594
28 0.618787 0.616580 0.608892 0.598584 0.578238 0.559515
29 0.620589 0.618156 0.610388 0.600505 0.583012 0.564110
30 0.620790 0.618959 0.612764 0.601698 0.585641 0.559422
31 0.622462 0.619411 0.614562 0.605362 0.583391 0.569493
32 0.624814 0.621009 0.615176 0.607884 0.592511 0.562863
33 0.625186 0.621600 0.616704 0.609861 0.592601 0.565078
34 0.626883 0.622224 0.617716 0.610078 0.594745 0.571064
35 0.627874 0.624327 0.620140 0.613004 0.591406 0.565927
36 0.627900 0.624593 0.620615 0.614190 0.590261 0.560343
37 0.629062 0.626369 0.621748 0.615640 0.599441 0.567974
38 0.629045 0.627986 0.623364 0.617342 0.595674 0.573340
39 0.630510 0.627556 0.624262 0.619331 0.600097 0.569539
40 0.631419 0.628678 0.624163 0.621207 0.603056 0.573496
41 0.631367 0.630817 0.625017 0.622122 0.604984 0.574956
42 0.632801 0.629737 0.626756 0.624335 0.600586 0.569710
43 0.633387 0.631141 0.627428 0.624841 0.602679 0.581560
44 0.634827 0.632345 0.628084 0.626009 0.608009 0.573209
45 0.635645 0.633250 0.628354 0.626943 0.601517 0.580271
46 0.637808 0.634034 0.629538 0.628104 0.605138 0.576570
47 0.637290 0.634341 0.630877 0.629243 0.609576 0.583927
48 0.639579 0.634963 0.631507 0.631409 0.608663 0.580506
49 0.638410 0.635719 0.632496 0.631931 0.610478 0.584753
50 0.639487 0.636000 0.632479 0.633093 0.614682 0.584060
51 0.641021 0.637878 0.633353 0.633360 0.615077 0.582825
52 0.641433 0.637480 0.634192 0.634651 0.614500 0.580398
53 0.643340 0.638444 0.634590 0.635099 0.615449 0.580727
54 0.642503 0.638773 0.635748 0.635796 0.617392 0.586850
55 0.643884 0.639030 0.635791 0.637055 0.615668 0.579894
56 0.644411 0.639559 0.636646 0.637206 0.619486 0.584031
57 0.644539 0.640299 0.636746 0.638861 0.620995 0.584169
58 0.644417 0.641684 0.638069 0.639217 0.620923 0.585681
59 0.645830 0.642154 0.638370 0.639792 0.615616 0.582871
60 0.645902 0.642681 0.639149 0.640454 0.621491 0.596428
61 0.646088 0.642979 0.640031 0.641555 0.623238 0.586900
62 0.647521 0.643561 0.640127 0.641882 0.623640 0.589526
63 0.647181 0.644956 0.640579 0.642781 0.623997 0.594543
64 0.648130 0.644893 0.641055 0.642929 0.625105 0.588447
65 0.648319 0.644682 0.642145 0.643330 0.625877 0.596096
66 0.648655 0.646249 0.642444 0.643700 0.624859 0.592805
67 0.649561 0.645317 0.642418 0.644921 0.627715 0.588279
68 0.649453 0.645530 0.642970 0.645052 0.627276 0.590751
69 0.650186 0.647110 0.643307 0.645451 0.629013 0.578546
70 0.650338 0.646999 0.643918 0.645884 0.627810 0.593856
71 0.650746 0.647455 0.644476 0.646578 0.628981 0.598966
72 0.651576 0.648774 0.644959 0.647001 0.629028 0.595515
73 0.650881 0.648345 0.645401 0.647256 0.630778 0.599742
74 0.652050 0.648750 0.645660 0.647500 0.630992 0.597598
75 0.652115 0.649393 0.645833 0.647683 0.631862 0.594920
76 0.652674 0.649808 0.646073 0.648456 0.632474 0.598078
77 0.652144 0.649533 0.646834 0.648709 0.632136 0.604265
78 0.652753 0.650554 0.647452 0.648761 0.633625 0.599606
79 0.653196 0.650670 0.647696 0.649609 0.632464 0.603826
80 0.652873 0.651401 0.647512 0.649391 0.634241 0.606622
81 0.653540 0.650826 0.647823 0.649938 0.631023 0.602545
82 0.653881 0.651431 0.648444 0.650137 0.635981 0.603700
83 0.653809 0.651981 0.648903 0.650833 0.635937 0.606375
84 0.654103 0.652346 0.649106 0.650702 0.636168 0.605863
85 0.653850 0.652607 0.649232 0.651099 0.635700 0.605008
86 0.654871 0.652852 0.649330 0.651477 0.637131 0.607176
87 0.655085 0.652684 0.650053 0.651718 0.637047 0.612345
88 0.655296 0.653376 0.650213 0.652131 0.638399 0.607406
89 0.655370 0.653261 0.650454 0.652412 0.638203 0.608999
90 0.655637 0.653455 0.650706 0.652438 0.639312 0.607319
91 0.655908 0.653766 0.650887 0.652817 0.639429 0.610195
92 0.656100 0.653857 0.651391 0.652781 0.639312 0.605571
93 0.656076 0.654394 0.651369 0.652959 0.640295 0.606141
94 0.656694 0.654526 0.651510 0.653146 0.640612 0.610725
95 0.656443 0.654386 0.651756 0.653545 0.640903 0.607914
96 0.656756 0.654244 0.652046 0.653911 0.641245 0.611830
97 0.656942 0.654952 0.652221 0.653916 0.642111 0.609766
98 0.656959 0.655302 0.652403 0.654004 0.642645 0.611115
99 0.657120 0.655199 0.652561 0.654472 0.642674 0.606787
100 0.657013 0.655334 0.652965 0.654304 0.642743 0.613752
