1 0.505070 0.520996 0.557546 0.588128 0.626127 0.646528
2 0.514444 0.522147 0.565913 0.594871 0.626833 0.647029
3 0.514444 0.550663 0.574039 0.599055 0.629653 0.647093
4 0.519957 0.550663 0.579910 0.602370 0.630124 0.647093
5 0.529075 0.550663 0.580852 0.602567 0.630620 0.648180
6 0.559935 0.551562 0.586915 0.610229 0.630872 0.648180
7 0.564221 0.552592 0.592246 0.610435 0.630872 0.648180
8 0.566245 0.572883 0.593848 0.610435 0.631209 0.648184
9 0.582400 0.578853 0.596738 0.611366 0.631389 0.648314
10 0.584176 0.581342 0.600341 0.612256 0.634524 0.648314
11 0.585149 0.586688 0.602226 0.613516 0.634575 0.648370
12 0.589115 0.589605 0.607342 0.618304 0.638439 0.648490
13 0.594942 0.603205 0.609645 0.619292 0.638439 0.648490
14 0.600168 0.603831 0.613175 0.620027 0.638695 0.648490
15 0.605027 0.604681 0.614064 0.621965 0.638959 0.648815
16 0.606285 0.605631 0.615222 0.622130 0.638959 0.649030
17 0.607164 0.609971 0.618023 0.622957 0.638971 0.649098
18 0.607164 0.609971 0.619832 0.622957 0.639239 0.649098
19 0.610995 0.610175 0.620108 0.628551 0.639239 0.650474
20 0.611201 0.612075 0.621438 0.629387 0.639469 0.650474
21 0.612645 0.612440 0.621983 0.630458 0.640314 0.651447
22 0.612713 0.617154 0.622965 0.630602 0.641295 0.651509
23 0.618129 0.618174 0.624224 0.631409 0.642536 0.651509
24 0.618267 0.618430 0.626063 0.632858 0.642536 0.651521
25 0.619383 0.621136 0.627426 0.633467 0.642536 0.651521
26 0.620257 0.621926 0.627642 0.634267 0.642717 0.651544
27 0.620389 0.622583 0.627924 0.636734 0.643026 0.651656
28 0.621865 0.622862 0.629431 0.636734 0.643302 0.652644
29 0.626076 0.624178 0.630087 0.637362 0.645207 0.652644
30 0.626076 0.625184 0.632463 0.637496 0.645416 0.652644
31 0.627796 0.630106 0.634218 0.638176 0.645416 0.652644
32 0.629087 0.630117 0.634502 0.638180 0.645416 0.652644
33 0.629087 0.630782 0.635092 0.639986 0.645931 0.652644
34 0.631414 0.632076 0.635574 0.640235 0.645931 0.652644
35 0.634000 0.633085 0.635927 0.640503 0.645955 0.652644
36 0.634076 0.633314 0.636496 0.640943 0.647751 0.652644
37 0.634717 0.634032 0.637467 0.641575 0.648751 0.653362
38 0.634717 0.634869 0.638217 0.642366 0.650850 0.653396
39 0.635902 0.636587 0.638715 0.642415 0.650895 0.653396
40 0.636913 0.638116 0.639389 0.642901 0.650977 0.653483
41 0.636913 0.638551 0.640392 0.642901 0.650977 0.653702
42 0.636913 0.638736 0.640852 0.644048 0.652059 0.653702
43 0.637009 0.639034 0.641197 0.644149 0.652127 0.653872
44 0.637238 0.639347 0.644006 0.644710 0.653044 0.653872
45 0.639044 0.640096 0.644006 0.645254 0.653044 0.654367
46 0.641942 0.640172 0.644066 0.645843 0.653044 0.654435
47 0.642366 0.640837 0.644066 0.646202 0.653044 0.654549
48 0.644888 0.640849 0.644917 0.647423 0.653209 0.654637
49 0.644888 0.641087 0.645128 0.647642 0.653513 0.654836
50 0.645026 0.642139 0.645954 0.647692 0.654026 0.655001
51 0.645440 0.642479 0.645954 0.647921 0.654026 0.655001
52 0.645670 0.643078 0.645954 0.648601 0.654211 0.655024
53 0.647805 0.643849 0.646438 0.650244 0.654211 0.655024
54 0.647964 0.647082 0.647151 0.650327 0.654444 0.655605
55 0.648602 0.647349 0.647478 0.650819 0.654517 0.655605
56 0.649098 0.647680 0.647619 0.651127 0.654517 0.655605
57 0.649171 0.647680 0.647643 0.651495 0.654517 0.655605
58 0.649475 0.647900 0.648347 0.651885 0.654668 0.656162
59 0.650336 0.651759 0.648925 0.651885 0.654686 0.656162
60 0.651096 0.651769 0.649018 0.653474 0.654686 0.656162
61 0.651187 0.651769 0.650036 0.653569 0.654777 0.656162
62 0.651785 0.651771 0.650770 0.653569 0.655128 0.656162
63 0.651990 0.652201 0.650770 0.653569 0.655207 0.656162
64 0.652918 0.652201 0.651499 0.653583 0.655360 0.656162
65 0.652918 0.653523 0.651559 0.653855 0.655997 0.656162
66 0.653324 0.654869 0.652272 0.653883 0.655997 0.656162
67 0.653526 0.654872 0.652285 0.654639 0.656035 0.656162
68 0.653645 0.654872 0.652500 0.655099 0.656035 0.656162
69 0.653645 0.654872 0.652500 0.655099 0.656035 0.656162
70 0.653645 0.654895 0.652528 0.656155 0.656035 0.656162
71 0.653909 0.656249 0.653259 0.656178 0.656293 0.656162
72 0.654862 0.656285 0.653290 0.656962 0.656315 0.656162
73 0.654889 0.656285 0.653485 0.657038 0.656315 0.656162
74 0.655623 0.656285 0.653495 0.657038 0.656315 0.656546
75 0.655623 0.656285 0.653642 0.657038 0.656341 0.656546
76 0.655806 0.656307 0.653648 0.657426 0.656341 0.656546
77 0.655881 0.656508 0.654132 0.657993 0.656380 0.656546
78 0.655989 0.656508 0.654725 0.657993 0.656434 0.656546
79 0.656269 0.657081 0.654734 0.658055 0.656434 0.656546
80 0.656431 0.657509 0.654734 0.658835 0.656872 0.656546
81 0.656554 0.657509 0.654789 0.658835 0.656872 0.656565
82 0.657337 0.657509 0.655494 0.658835 0.656872 0.656565
83 0.657412 0.657610 0.655494 0.659046 0.656879 0.656826
84 0.657417 0.657813 0.656641 0.659046 0.657071 0.656826
85 0.657717 0.658389 0.656641 0.659046 0.657071 0.656826
86 0.657802 0.658389 0.656641 0.659046 0.657071 0.656826
87 0.657819 0.658559 0.656641 0.659146 0.657071 0.656833
88 0.658575 0.658682 0.656641 0.659146 0.657071 0.657085
89 0.658723 0.658682 0.656678 0.659323 0.657071 0.657085
90 0.658723 0.658682 0.656678 0.659675 0.657071 0.657085
91 0.658723 0.658787 0.657249 0.659677 0.657071 0.657085
92 0.659292 0.659013 0.657249 0.659768 0.657071 0.657112
93 0.659308 0.659013 0.657249 0.659785 0.657071 0.657112
94 0.659334 0.659013 0.657261 0.659785 0.657071 0.657141
95 0.659334 0.659013 0.657261 0.659785 0.657220 0.657141
96 0.659371 0.659153 0.657511 0.659785 0.657220 0.657141
97 0.659513 0.659153 0.657669 0.659785 0.657220 0.657190
98 0.659548 0.659153 0.657786 0.659785 0.657297 0.657190
99 0.659755 0.659288 0.657786 0.659823 0.657297 0.657475
100 0.659755 0.659288 0.657914 0.659823 0.657297 0.657723
