Number of Threads = 16

 Reading data from file ............TTTTT  2 

gbasic_seed =  0.800000
In thread 0

===================================================
Max =  0.00000  Min =  0.87067   Avg =  0.80745
No. of mutations = 47112 ;  No. of x-overs = 4512
Number of Lifecyles 2 

String =
Lifecycle 1
3 0 3 3 0 3 0 0 0 1 0 3 0.188935

Lifecycle 2
1 3 2 3 2 3 1 3 3 3 1 1 0.152369


 Best ever fitness = 0.870781 from generation = 87
 Best in each gen = 100  0.000000  0.838221  0.857198  0.838229  0.860760  0.841503  0.853000  0.865391  0.859819  0.853972  0.860185  0.855096  0.830139  0.857965  0.843933  0.864587  0.861435  0.860107  0.847625  0.857175  0.855129  0.858831  0.864315  0.859752  0.866114  0.860013  0.857223  0.860107  0.848592  0.854808  0.855728  0.859352  0.854733  0.854116  0.858667  0.853668  0.865306  0.861562  0.862210  0.864165  0.865012  0.862673  0.863999  0.862219  0.864704  0.864199  0.864246  0.866114  0.862382  0.860542  0.863713  0.867059  0.866512  0.862860  0.863061  0.862851  0.864684  0.865431  0.864963  0.867989  0.867178  0.867528  0.865431  0.868178  0.867528  0.864929  0.866867  0.869324  0.867077  0.867178  0.867470  0.868162  0.869129  0.869052  0.868361  0.869115  0.869324  0.869389  0.868398  0.869129  0.868365  0.869674  0.870241  0.869381  0.869674  0.869382  0.870241  0.870781  0.870241  0.870241  0.869921  0.869822  0.870299  0.870241  0.870241  0.870241  0.870779  0.870779  0.870665  0.870672  0.870672 
===================================================

In thread 1

===================================================
Max =  0.00000  Min =  0.87078   Avg =  0.82593
No. of mutations = 47314 ;  No. of x-overs = 4468
Number of Lifecyles 2 

String =
Lifecycle 1
3 0 1 3 0 2 0 0 0 1 0 3 0.188935

Lifecycle 2
1 3 2 3 2 3 1 3 3 3 1 1 0.152369


 Best ever fitness = 0.870781 from generation = 47
 Best in each gen = 100  0.000000  0.822878  0.839765  0.855728  0.854808  0.851185  0.844238  0.859752  0.849565  0.847625  0.861189  0.843377  0.848249  0.859199  0.861948  0.852558  0.859752  0.860120  0.864833  0.869324  0.864315  0.864216  0.865288  0.868131  0.867084  0.867528  0.866550  0.867000  0.868094  0.867667  0.867540  0.867353  0.869292  0.869822  0.868897  0.870241  0.869921  0.869621  0.870039  0.870615  0.870241  0.870430  0.870039  0.870170  0.870430  0.870779  0.870717  0.870781  0.870578  0.870665  0.870779  0.870779  0.870779  0.870580  0.870781  0.870779  0.870779  0.870779  0.870781  0.870672  0.870781  0.870781  0.870781  0.870781  0.870781  0.870781  0.870781  0.870781  0.870781  0.870781  0.870781  0.870781  0.870781  0.870781  0.870781  0.870781  0.870781  0.870781  0.870781  0.870781  0.870781  0.870781  0.870781  0.870781  0.870781  0.870781  0.870781  0.870781  0.870781  0.870781  0.870781  0.870781  0.870781  0.870781  0.870781  0.870781  0.870781  0.870781  0.870781  0.870781  0.870781 
===================================================

In thread 2

===================================================
Max =  0.48579  Min =  0.87078   Avg =  0.85787
No. of mutations = 47077 ;  No. of x-overs = 4524
Number of Lifecyles 2 

String =
Lifecycle 1
1 3 0 3 0 3 0 0 1 1 0 3 0.188935

Lifecycle 2
1 3 2 3 2 3 1 3 3 3 1 1 0.152369


 Best ever fitness = 0.870781 from generation = 43
 Best in each gen = 100  0.000000  0.863680  0.856417  0.858969  0.863680  0.862814  0.859767  0.852616  0.856998  0.850946  0.867059  0.869324  0.863504  0.863767  0.865100  0.866962  0.868223  0.867962  0.870241  0.868500  0.868464  0.868343  0.867669  0.868343  0.868500  0.868500  0.869921  0.868579  0.868417  0.869202  0.870241  0.870241  0.869889  0.870166  0.870672  0.869676  0.870299  0.870039  0.870241  0.870166  0.870241  0.870661  0.870717  0.870781  0.870661  0.870528  0.870661  0.870779  0.870717  0.870717  0.870779  0.870779  0.870781  0.870781  0.870779  0.870717  0.870781  0.870781  0.870779  0.870779  0.870781  0.870781  0.870781  0.870779  0.870781  0.870781  0.870781  0.870781  0.870781  0.870781  0.870781  0.870781  0.870781  0.870781  0.870781  0.870781  0.870781  0.870781  0.870781  0.870781  0.870781  0.870781  0.870781  0.870781  0.870781  0.870781  0.870781  0.870781  0.870781  0.870781  0.870781  0.870781  0.870781  0.870781  0.870781  0.870781  0.870781  0.870781  0.870781  0.870781  0.870781 
===================================================

In thread 3

===================================================
Max =  0.00000  Min =  0.87078   Avg =  0.82736
No. of mutations = 47075 ;  No. of x-overs = 4515
Number of Lifecyles 2 

String =
Lifecycle 1
0 0 3 1 1 2 0 0 0 1 0 3 0.188935

Lifecycle 2
1 3 2 3 2 3 1 3 3 3 1 1 0.152369


 Best ever fitness = 0.870781 from generation = 41
 Best in each gen = 100  0.000000  0.859707  0.865391  0.857425  0.854216  0.864315  0.862539  0.861329  0.863300  0.864113  0.864551  0.863999  0.868343  0.865431  0.868322  0.868098  0.867905  0.867393  0.867857  0.869324  0.869324  0.869403  0.868361  0.869403  0.868592  0.869527  0.870241  0.870241  0.870241  0.870241  0.870166  0.870241  0.869822  0.870166  0.870299  0.870170  0.870672  0.870665  0.870672  0.870409  0.870417  0.870781  0.870781  0.870781  0.870779  0.870779  0.870779  0.870781  0.870781  0.870781  0.870779  0.870781  0.870781  0.870779  0.870779  0.870781  0.870781  0.870781  0.870781  0.870781  0.870781  0.870781  0.870781  0.870781  0.870781  0.870781  0.870781  0.870781  0.870781  0.870781  0.870781  0.870781  0.870781  0.870781  0.870781  0.870781  0.870781  0.870781  0.870781  0.870781  0.870781  0.870781  0.870781  0.870781  0.870781  0.870781  0.870781  0.870781  0.870781  0.870781  0.870781  0.870781  0.870781  0.870781  0.870781  0.870781  0.870781  0.870781  0.870781  0.870781  0.870781 
===================================================

In thread 6

===================================================
Max =  0.00000  Min =  0.87078   Avg =  0.82334
No. of mutations = 47092 ;  No. of x-overs = 4475
Number of Lifecyles 2 

String =
Lifecycle 1
3 0 3 3 0 3 0 0 0 1 0 3 0.188935

Lifecycle 2
1 3 2 3 2 3 1 3 3 3 1 1 0.152369


 Best ever fitness = 0.870781 from generation = 16
 Best in each gen = 100  0.000000  0.867966  0.868034  0.867059  0.865748  0.868394  0.867669  0.867540  0.867667  0.868343  0.868094  0.869403  0.869378  0.869568  0.869621  0.869479  0.870781  0.870430  0.870241  0.870661  0.870299  0.870241  0.870779  0.870528  0.870779  0.870615  0.870781  0.870781  0.870781  0.870781  0.870781  0.870781  0.870781  0.870781  0.870781  0.870781  0.870781  0.870781  0.870781  0.870781  0.870781  0.870781  0.870781  0.870781  0.870781  0.870781  0.870781  0.870781  0.870781  0.870781  0.870781  0.870781  0.870781  0.870781  0.870781  0.870781  0.870781  0.870781  0.870781  0.870781  0.870781  0.870781  0.870781  0.870781  0.870781  0.870781  0.870781  0.870781  0.870781  0.870781  0.870781  0.870781  0.870781  0.870781  0.870781  0.870781  0.870781  0.870781  0.870781  0.870781  0.870781  0.870781  0.870781  0.870781  0.870781  0.870781  0.870781  0.870781  0.870781  0.870781  0.870781  0.870781  0.870781  0.870781  0.870781  0.870781  0.870781  0.870781  0.870781  0.870781  0.870781 
===================================================

In thread 7

===================================================
Max =  0.00000  Min =  0.87078   Avg =  0.83052
No. of mutations = 46692 ;  No. of x-overs = 4482
Number of Lifecyles 2 

String =
Lifecycle 1
3 1 3 1 0 3 2 1 0 1 0 3 0.188935

Lifecycle 2
1 3 2 3 2 3 1 3 3 3 1 1 0.152369


 Best ever fitness = 0.870781 from generation = 23
 Best in each gen = 100  0.000000  0.867043  0.867341  0.868217  0.867100  0.867570  0.868716  0.868223  0.869071  0.868592  0.868317  0.869101  0.869292  0.870241  0.869403  0.869921  0.869657  0.870661  0.870241  0.870661  0.870717  0.870615  0.870580  0.870781  0.870779  0.870779  0.870781  0.870781  0.870781  0.870781  0.870781  0.870781  0.870781  0.870781  0.870781  0.870781  0.870781  0.870781  0.870781  0.870781  0.870781  0.870781  0.870781  0.870781  0.870781  0.870781  0.870781  0.870781  0.870781  0.870781  0.870781  0.870781  0.870781  0.870781  0.870781  0.870781  0.870781  0.870781  0.870781  0.870781  0.870781  0.870781  0.870781  0.870781  0.870781  0.870781  0.870781  0.870781  0.870781  0.870781  0.870781  0.870781  0.870781  0.870781  0.870781  0.870781  0.870781  0.870781  0.870781  0.870781  0.870781  0.870781  0.870781  0.870781  0.870781  0.870781  0.870781  0.870781  0.870781  0.870781  0.870781  0.870781  0.870781  0.870781  0.870781  0.870781  0.870781  0.870781  0.870781  0.870781  0.870781 
===================================================

In thread 4

===================================================
Max =  0.00000  Min =  0.87078   Avg =  0.83432
No. of mutations = 47321 ;  No. of x-overs = 4473
Number of Lifecyles 2 

String =
Lifecycle 1
0 1 1 2 2 2 0 1 0 1 0 3 0.188935

Lifecycle 2
1 3 2 3 2 3 1 3 3 3 1 1 0.152369


 Best ever fitness = 0.870781 from generation = 28
 Best in each gen = 100  0.000000  0.852203  0.868094  0.861699  0.863767  0.864833  0.867178  0.864054  0.866114  0.868343  0.866718  0.864574  0.867672  0.868343  0.866392  0.869129  0.868131  0.868464  0.869129  0.869378  0.868996  0.869674  0.870039  0.870166  0.869202  0.870241  0.870332  0.870166  0.870781  0.870661  0.870779  0.870779  0.870779  0.870781  0.870781  0.870781  0.870781  0.870781  0.870781  0.870781  0.870781  0.870781  0.870781  0.870781  0.870781  0.870781  0.870781  0.870781  0.870781  0.870781  0.870781  0.870781  0.870781  0.870781  0.870781  0.870781  0.870781  0.870781  0.870781  0.870781  0.870781  0.870781  0.870781  0.870781  0.870781  0.870781  0.870781  0.870781  0.870781  0.870781  0.870781  0.870781  0.870781  0.870781  0.870781  0.870781  0.870781  0.870781  0.870781  0.870781  0.870781  0.870781  0.870781  0.870781  0.870781  0.870781  0.870781  0.870781  0.870781  0.870781  0.870781  0.870781  0.870781  0.870781  0.870781  0.870781  0.870781  0.870781  0.870781  0.870781  0.870781 
===================================================

In thread 10

===================================================
Max =  0.00000  Min =  0.87078   Avg =  0.83220
No. of mutations = 46379 ;  No. of x-overs = 4503
Number of Lifecyles 2 

String =
Lifecycle 1
1 2 0 2 2 2 0 1 0 1 0 3 0.188935

Lifecycle 2
1 3 2 3 2 3 1 3 3 3 1 1 0.152369


 Best ever fitness = 0.870781 from generation = 8
 Best in each gen = 100  0.000000  0.870241  0.869324  0.869621  0.869822  0.870241  0.869738  0.870779  0.870781  0.870672  0.870779  0.870781  0.870781  0.870781  0.870781  0.870781  0.870781  0.870781  0.870781  0.870781  0.870781  0.870781  0.870781  0.870781  0.870781  0.870781  0.870781  0.870781  0.870781  0.870781  0.870781  0.870781  0.870781  0.870781  0.870781  0.870781  0.870781  0.870781  0.870781  0.870781  0.870781  0.870781  0.870781  0.870781  0.870781  0.870781  0.870781  0.870781  0.870781  0.870781  0.870781  0.870781  0.870781  0.870781  0.870781  0.870781  0.870781  0.870781  0.870781  0.870781  0.870781  0.870781  0.870781  0.870781  0.870781  0.870781  0.870781  0.870781  0.870781  0.870781  0.870781  0.870781  0.870781  0.870781  0.870781  0.870781  0.870781  0.870781  0.870781  0.870781  0.870781  0.870781  0.870781  0.870781  0.870781  0.870781  0.870781  0.870781  0.870781  0.870781  0.870781  0.870781  0.870781  0.870781  0.870781  0.870781  0.870781  0.870781  0.870781  0.870781  0.870781 
===================================================

In thread 8

===================================================
Max =  0.00000  Min =  0.87078   Avg =  0.84061
No. of mutations = 46745 ;  No. of x-overs = 4509
Number of Lifecyles 2 

String =
Lifecycle 1
0 3 0 3 3 2 0 1 2 3 2 3 0.188935

Lifecycle 2
1 3 2 3 2 3 1 3 3 3 1 1 0.152369


 Best ever fitness = 0.870781 from generation = 17
 Best in each gen = 100  0.000000  0.867059  0.868212  0.869129  0.868162  0.868343  0.868779  0.869324  0.869921  0.869676  0.869324  0.869480  0.870241  0.870332  0.870344  0.870241  0.870779  0.870781  0.870779  0.870779  0.870672  0.870779  0.870781  0.870781  0.870781  0.870781  0.870781  0.870781  0.870781  0.870781  0.870781  0.870781  0.870781  0.870781  0.870781  0.870781  0.870781  0.870781  0.870781  0.870781  0.870781  0.870781  0.870781  0.870781  0.870781  0.870781  0.870781  0.870781  0.870781  0.870781  0.870781  0.870781  0.870781  0.870781  0.870781  0.870781  0.870781  0.870781  0.870781  0.870781  0.870781  0.870781  0.870781  0.870781  0.870781  0.870781  0.870781  0.870781  0.870781  0.870781  0.870781  0.870781  0.870781  0.870781  0.870781  0.870781  0.870781  0.870781  0.870781  0.870781  0.870781  0.870781  0.870781  0.870781  0.870781  0.870781  0.870781  0.870781  0.870781  0.870781  0.870781  0.870781  0.870781  0.870781  0.870781  0.870781  0.870781  0.870781  0.870781  0.870781  0.870781 
===================================================

In thread 9

===================================================
Max =  0.00000  Min =  0.87078   Avg =  0.83156
No. of mutations = 47526 ;  No. of x-overs = 4489
Number of Lifecyles 2 

String =
Lifecycle 1
1 3 1 3 0 2 2 1 0 1 0 3 0.188935

Lifecycle 2
1 3 2 3 2 3 1 3 3 3 1 1 0.152369


 Best ever fitness = 0.870781 from generation = 15
 Best in each gen = 100  0.000000  0.869626  0.869707  0.870074  0.869171  0.869378  0.868865  0.870241  0.870717  0.870241  0.870661  0.870241  0.870661  0.870717  0.870779  0.870781  0.870781  0.870781  0.870781  0.870781  0.870781  0.870781  0.870781  0.870781  0.870781  0.870781  0.870781  0.870781  0.870781  0.870781  0.870781  0.870781  0.870781  0.870781  0.870781  0.870781  0.870781  0.870781  0.870781  0.870781  0.870781  0.870781  0.870781  0.870781  0.870781  0.870781  0.870781  0.870781  0.870781  0.870781  0.870781  0.870781  0.870781  0.870781  0.870781  0.870781  0.870781  0.870781  0.870781  0.870781  0.870781  0.870781  0.870781  0.870781  0.870781  0.870781  0.870781  0.870781  0.870781  0.870781  0.870781  0.870781  0.870781  0.870781  0.870781  0.870781  0.870781  0.870781  0.870781  0.870781  0.870781  0.870781  0.870781  0.870781  0.870781  0.870781  0.870781  0.870781  0.870781  0.870781  0.870781  0.870781  0.870781  0.870781  0.870781  0.870781  0.870781  0.870781  0.870781  0.870781  0.870781 
===================================================

In thread 5

===================================================
Max =  0.00000  Min =  0.87078   Avg =  0.83880
No. of mutations = 47214 ;  No. of x-overs = 4526
Number of Lifecyles 2 

String =
Lifecycle 1
3 0 3 3 0 3 0 0 0 1 0 3 0.188935

Lifecycle 2
1 3 2 3 2 3 1 3 3 3 1 1 0.152369


 Best ever fitness = 0.870781 from generation = 22
 Best in each gen = 100  0.000000  0.863320  0.867178  0.862802  0.866213  0.863702  0.865030  0.865690  0.867669  0.868094  0.868012  0.868464  0.867966  0.868485  0.869324  0.868311  0.869171  0.869310  0.869822  0.869766  0.870299  0.869389  0.870781  0.870580  0.870166  0.870366  0.870299  0.870781  0.870779  0.870781  0.870781  0.870781  0.870781  0.870781  0.870781  0.870781  0.870781  0.870781  0.870781  0.870781  0.870781  0.870781  0.870781  0.870781  0.870781  0.870781  0.870781  0.870781  0.870781  0.870781  0.870781  0.870781  0.870781  0.870781  0.870781  0.870781  0.870781  0.870781  0.870781  0.870781  0.870781  0.870781  0.870781  0.870781  0.870781  0.870781  0.870781  0.870781  0.870781  0.870781  0.870781  0.870781  0.870781  0.870781  0.870781  0.870781  0.870781  0.870781  0.870781  0.870781  0.870781  0.870781  0.870781  0.870781  0.870781  0.870781  0.870781  0.870781  0.870781  0.870781  0.870781  0.870781  0.870781  0.870781  0.870781  0.870781  0.870781  0.870781  0.870781  0.870781  0.870781 
===================================================

In thread 11

===================================================
Max =  0.00000  Min =  0.87078   Avg =  0.81941
No. of mutations = 47635 ;  No. of x-overs = 4550
Number of Lifecyles 2 

String =
Lifecycle 1
0 1 0 1 1 1 0 0 1 1 0 3 0.188935

Lifecycle 2
1 3 2 3 2 3 1 3 3 3 1 1 0.152369


 Best ever fitness = 0.870781 from generation = 6
 Best in each gen = 100  0.000000  0.870344  0.870779  0.870332  0.870578  0.870541  0.870781  0.870781  0.870781  0.870781  0.870781  0.870781  0.870781  0.870781  0.870781  0.870781  0.870781  0.870781  0.870781  0.870781  0.870781  0.870781  0.870781  0.870781  0.870781  0.870781  0.870781  0.870781  0.870781  0.870781  0.870781  0.870781  0.870781  0.870781  0.870781  0.870781  0.870781  0.870781  0.870781  0.870781  0.870781  0.870781  0.870781  0.870781  0.870781  0.870781  0.870781  0.870781  0.870781  0.870781  0.870781  0.870781  0.870781  0.870781  0.870781  0.870781  0.870781  0.870781  0.870781  0.870781  0.870781  0.870781  0.870781  0.870781  0.870781  0.870781  0.870781  0.870781  0.870781  0.870781  0.870781  0.870781  0.870781  0.870781  0.870781  0.870781  0.870781  0.870781  0.870781  0.870781  0.870781  0.870781  0.870781  0.870781  0.870781  0.870781  0.870781  0.870781  0.870781  0.870781  0.870781  0.870781  0.870781  0.870781  0.870781  0.870781  0.870781  0.870781  0.870781  0.870781  0.870781 
===================================================

In thread 12

===================================================
Max =  0.00000  Min =  0.87078   Avg =  0.83814
No. of mutations = 47418 ;  No. of x-overs = 4537
Number of Lifecyles 2 

String =
Lifecycle 1
1 2 0 3 2 2 3 0 3 0 0 3 0.188935

Lifecycle 2
1 3 2 3 2 3 1 3 3 3 1 1 0.152369


 Best ever fitness = 0.870781 from generation = 1
 Best in each gen = 100  0.000000  0.870781  0.870781  0.870781  0.870779  0.870781  0.870781  0.870781  0.870781  0.870781  0.870781  0.870781  0.870781  0.870781  0.870781  0.870781  0.870781  0.870781  0.870781  0.870781  0.870781  0.870781  0.870781  0.870781  0.870781  0.870781  0.870781  0.870781  0.870781  0.870781  0.870781  0.870781  0.870781  0.870781  0.870781  0.870781  0.870781  0.870781  0.870781  0.870781  0.870781  0.870781  0.870781  0.870781  0.870781  0.870781  0.870781  0.870781  0.870781  0.870781  0.870781  0.870781  0.870781  0.870781  0.870781  0.870781  0.870781  0.870781  0.870781  0.870781  0.870781  0.870781  0.870781  0.870781  0.870781  0.870781  0.870781  0.870781  0.870781  0.870781  0.870781  0.870781  0.870781  0.870781  0.870781  0.870781  0.870781  0.870781  0.870781  0.870781  0.870781  0.870781  0.870781  0.870781  0.870781  0.870781  0.870781  0.870781  0.870781  0.870781  0.870781  0.870781  0.870781  0.870781  0.870781  0.870781  0.870781  0.870781  0.870781  0.870781  0.870781 
===================================================

In thread 14

===================================================
Max =  0.00000  Min =  0.87078   Avg =  0.82239
No. of mutations = 47470 ;  No. of x-overs = 4481
Number of Lifecyles 2 

String =
Lifecycle 1
2 2 0 1 0 2 3 1 2 2 0 1 0.188935

Lifecycle 2
1 3 2 3 2 3 1 3 3 3 1 1 0.152369


 Best ever fitness = 0.870781 from generation = 1
 Best in each gen = 100  0.000000  0.870781  0.870781  0.870781  0.870781  0.870781  0.870781  0.870781  0.870781  0.870781  0.870781  0.870781  0.870781  0.870781  0.870781  0.870781  0.870781  0.870781  0.870781  0.870781  0.870781  0.870781  0.870781  0.870781  0.870781  0.870781  0.870781  0.870781  0.870781  0.870781  0.870781  0.870781  0.870781  0.870781  0.870781  0.870781  0.870781  0.870781  0.870781  0.870781  0.870781  0.870781  0.870781  0.870781  0.870781  0.870781  0.870781  0.870781  0.870781  0.870781  0.870781  0.870781  0.870781  0.870781  0.870781  0.870781  0.870781  0.870781  0.870781  0.870781  0.870781  0.870781  0.870781  0.870781  0.870781  0.870781  0.870781  0.870781  0.870781  0.870781  0.870781  0.870781  0.870781  0.870781  0.870781  0.870781  0.870781  0.870781  0.870781  0.870781  0.870781  0.870781  0.870781  0.870781  0.870781  0.870781  0.870781  0.870781  0.870781  0.870781  0.870781  0.870781  0.870781  0.870781  0.870781  0.870781  0.870781  0.870781  0.870781  0.870781  0.870781 
===================================================

In thread 13

===================================================
Max =  0.00000  Min =  0.87078   Avg =  0.80844
No. of mutations = 47390 ;  No. of x-overs = 4452
Number of Lifecyles 2 

String =
Lifecycle 1
3 3 0 3 2 0 3 1 0 3 0 3 0.188935

Lifecycle 2
1 3 2 3 2 3 1 3 3 3 1 1 0.152369


 Best ever fitness = 0.870781 from generation = 1
 Best in each gen = 100  0.000000  0.870781  0.870781  0.870781  0.870781  0.870781  0.870781  0.870781  0.870781  0.870781  0.870781  0.870781  0.870781  0.870781  0.870781  0.870781  0.870781  0.870781  0.870781  0.870781  0.870781  0.870781  0.870781  0.870781  0.870781  0.870781  0.870781  0.870781  0.870781  0.870781  0.870781  0.870781  0.870781  0.870781  0.870781  0.870781  0.870781  0.870781  0.870781  0.870781  0.870781  0.870781  0.870781  0.870781  0.870781  0.870781  0.870781  0.870781  0.870781  0.870781  0.870781  0.870781  0.870781  0.870781  0.870781  0.870781  0.870781  0.870781  0.870781  0.870781  0.870781  0.870781  0.870781  0.870781  0.870781  0.870781  0.870781  0.870781  0.870781  0.870781  0.870781  0.870781  0.870781  0.870781  0.870781  0.870781  0.870781  0.870781  0.870781  0.870781  0.870781  0.870781  0.870781  0.870781  0.870781  0.870781  0.870781  0.870781  0.870781  0.870781  0.870781  0.870781  0.870781  0.870781  0.870781  0.870781  0.870781  0.870781  0.870781  0.870781  0.870781 
===================================================

In thread 15

===================================================
Max =  0.00000  Min =  0.87078   Avg =  0.84196
No. of mutations = 47196 ;  No. of x-overs = 4520
Number of Lifecyles 2 

String =
Lifecycle 1
0 3 0 3 0 2 2 1 0 1 0 3 0.188935

Lifecycle 2
1 3 2 3 2 3 1 3 3 3 1 1 0.152369


 Best ever fitness = 0.870781 from generation = 1
 Best in each gen = 100  0.000000  0.870781  0.870781  0.870781  0.870781  0.870781  0.870781  0.870781  0.870781  0.870781  0.870781  0.870781  0.870781  0.870781  0.870781  0.870781  0.870781  0.870781  0.870781  0.870781  0.870781  0.870781  0.870781  0.870781  0.870781  0.870781  0.870781  0.870781  0.870781  0.870781  0.870781  0.870781  0.870781  0.870781  0.870781  0.870781  0.870781  0.870781  0.870781  0.870781  0.870781  0.870781  0.870781  0.870781  0.870781  0.870781  0.870781  0.870781  0.870781  0.870781  0.870781  0.870781  0.870781  0.870781  0.870781  0.870781  0.870781  0.870781  0.870781  0.870781  0.870781  0.870781  0.870781  0.870781  0.870781  0.870781  0.870781  0.870781  0.870781  0.870781  0.870781  0.870781  0.870781  0.870781  0.870781  0.870781  0.870781  0.870781  0.870781  0.870781  0.870781  0.870781  0.870781  0.870781  0.870781  0.870781  0.870781  0.870781  0.870781  0.870781  0.870781  0.870781  0.870781  0.870781  0.870781  0.870781  0.870781  0.870781  0.870781  0.870781  0.870781 
===================================================


 O.K Good bye !!!
