Number of Threads = 16

 Reading data from file ............TTTTT  2 

gbasic_seed =  0.500000
In thread 0

===================================================
Max =  0.00000  Min =  0.81124   Avg =  0.58470
No. of mutations = 28364 ;  No. of x-overs = 2681
Number of Lifecyles 4 

String =
Lifecycle 1
3 2 3 1 1 1 0 2 0 0 2 3 0.743759

Lifecycle 2
1 1 0 3 3 2 3 3 3 1 1 0 0.521192

Lifecycle 3
3 2 0 3 0 3 3 2 3 3 1 2 0.672607

Lifecycle 4
1 1 1 0 3 0 3 2 0 2 1 1 0.657738


 Best ever fitness = 0.811239 from generation = 60
 Best in each gen = 60  0.000000  0.763820  0.775483  0.771661  0.771517  0.782027  0.776838  0.779943  0.781272  0.779492  0.781213  0.787247  0.787395  0.787418  0.778755  0.782407  0.782113  0.783326  0.787702  0.789207  0.776483  0.792789  0.802305  0.796508  0.797376  0.786057  0.787150  0.791036  0.800137  0.789592  0.799381  0.790399  0.791437  0.792225  0.797458  0.799629  0.794538  0.806033  0.801963  0.790782  0.788650  0.794581  0.797756  0.795804  0.800845  0.797409  0.796761  0.800838  0.794995  0.803232  0.797239  0.797153  0.793657  0.792980  0.796340  0.802643  0.807187  0.798345  0.794911  0.805817  0.811239 
===================================================

In thread 2

===================================================
Max =  0.71865  Min =  0.82699   Avg =  0.81282
No. of mutations = 28461 ;  No. of x-overs = 2678
Number of Lifecyles 4 

String =
Lifecycle 1
0 0 2 3 3 3 1 3 0 0 0 3 0.743759

Lifecycle 2
1 2 3 3 0 3 1 2 3 2 1 3 0.646347

Lifecycle 3
1 0 0 0 1 3 2 2 3 3 3 1 0.672607

Lifecycle 4
1 3 0 0 2 3 1 3 3 0 3 0 0.657738


 Best ever fitness = 0.828412 from generation = 59
 Best in each gen = 60  0.000000  0.792667  0.788710  0.792833  0.790440  0.780948  0.785024  0.786135  0.792312  0.800825  0.795431  0.794153  0.800126  0.794150  0.804458  0.807130  0.802614  0.816942  0.804559  0.804259  0.797945  0.806604  0.811031  0.810466  0.810406  0.811498  0.804745  0.809532  0.812257  0.815276  0.814274  0.814422  0.815521  0.819946  0.819054  0.814734  0.814512  0.817997  0.817669  0.818701  0.816572  0.817260  0.820197  0.821906  0.819325  0.823752  0.818647  0.823257  0.818900  0.825015  0.825204  0.825144  0.825466  0.824268  0.825246  0.825356  0.825316  0.826291  0.826646  0.828412  0.826987 
===================================================

In thread 3

===================================================
Max =  0.00000  Min =  0.82887   Avg =  0.80676
No. of mutations = 28373 ;  No. of x-overs = 2702
Number of Lifecyles 4 

String =
Lifecycle 1
1 3 3 0 0 0 1 3 0 0 2 0 0.743759

Lifecycle 2
1 2 2 3 0 3 1 3 3 1 3 1 0.587486

Lifecycle 3
1 0 0 0 3 3 2 3 3 2 2 3 0.672607

Lifecycle 4
1 3 2 0 3 3 1 0 3 3 3 3 0.657738


 Best ever fitness = 0.828865 from generation = 60
 Best in each gen = 60  0.000000  0.788571  0.802361  0.776224  0.787830  0.795993  0.794116  0.797408  0.796205  0.794019  0.800838  0.800817  0.800684  0.805142  0.807856  0.801562  0.812508  0.803999  0.805679  0.813869  0.814057  0.808423  0.813203  0.805684  0.816620  0.812458  0.813915  0.812675  0.816961  0.816008  0.815070  0.816880  0.814594  0.817079  0.818095  0.821405  0.818632  0.817808  0.822645  0.817845  0.818452  0.822935  0.819193  0.821266  0.821585  0.823443  0.821786  0.823257  0.824379  0.824816  0.825836  0.825381  0.825948  0.826247  0.827397  0.825824  0.827751  0.827754  0.827443  0.827922  0.828865 
===================================================

In thread 4

===================================================
Max =  0.69158  Min =  0.82905   Avg =  0.81557
No. of mutations = 28336 ;  No. of x-overs = 2697
Number of Lifecyles 4 

String =
Lifecycle 1
1 2 3 3 1 1 0 1 0 1 3 1 0.743759

Lifecycle 2
1 1 2 3 0 3 1 2 3 1 1 1 0.587486

Lifecycle 3
1 0 0 0 3 3 2 3 3 3 3 1 0.672607

Lifecycle 4
1 3 2 0 1 3 1 0 3 3 3 3 0.657738


 Best ever fitness = 0.829097 from generation = 58
 Best in each gen = 60  0.000000  0.797598  0.796427  0.790562  0.800792  0.796901  0.797409  0.797043  0.805060  0.806548  0.799562  0.803122  0.810174  0.810341  0.814274  0.810170  0.812124  0.813911  0.810818  0.813670  0.816347  0.811093  0.816318  0.811614  0.816089  0.813968  0.818779  0.817651  0.814305  0.817663  0.815955  0.817164  0.818203  0.818002  0.818151  0.819870  0.821871  0.820523  0.819959  0.817373  0.821870  0.825204  0.824110  0.822112  0.824027  0.826273  0.823625  0.824284  0.827063  0.823930  0.825995  0.827969  0.827043  0.826784  0.826885  0.828157  0.829047  0.827729  0.829097  0.828019  0.829047 
===================================================

In thread 1

===================================================
Max =  0.00000  Min =  0.83016   Avg =  0.80511
No. of mutations = 28144 ;  No. of x-overs = 2673
Number of Lifecyles 4 

String =
Lifecycle 1
0 0 3 3 1 3 0 2 3 1 2 1 0.743759

Lifecycle 2
1 2 3 3 2 3 1 2 3 1 3 3 0.587486

Lifecycle 3
1 3 2 0 3 3 2 3 3 3 2 1 0.672607

Lifecycle 4
1 3 2 0 3 3 1 0 3 3 3 3 0.657738


 Best ever fitness = 0.830162 from generation = 60
 Best in each gen = 60  0.000000  0.766989  0.790258  0.768107  0.763534  0.782668  0.782717  0.777167  0.789240  0.785202  0.792790  0.792272  0.793962  0.805873  0.797458  0.800979  0.795555  0.803890  0.804700  0.794603  0.801617  0.799363  0.801466  0.811711  0.797729  0.801725  0.815334  0.805045  0.810466  0.813728  0.811920  0.815271  0.814354  0.819480  0.819683  0.822358  0.820521  0.818357  0.819714  0.822511  0.821952  0.820037  0.823252  0.825076  0.823913  0.822378  0.822583  0.826805  0.826762  0.825506  0.825866  0.827193  0.828162  0.827587  0.827113  0.829529  0.828896  0.829053  0.829026  0.829902  0.830162 
===================================================

In thread 5

===================================================
Max =  0.72044  Min =  0.83121   Avg =  0.81843
No. of mutations = 28380 ;  No. of x-overs = 2695
Number of Lifecyles 4 

String =
Lifecycle 1
3 1 2 3 1 3 1 2 3 0 2 3 0.743759

Lifecycle 2
1 1 3 3 1 3 1 1 3 1 1 2 0.587486

Lifecycle 3
1 0 2 0 3 3 2 3 3 3 2 0 0.672607

Lifecycle 4
1 3 2 0 2 3 1 3 0 3 2 1 0.657738


 Best ever fitness = 0.831206 from generation = 60
 Best in each gen = 60  0.000000  0.796427  0.802119  0.812602  0.795127  0.808110  0.809021  0.800775  0.809021  0.812408  0.808760  0.812602  0.817947  0.812797  0.813481  0.817464  0.815371  0.818453  0.817917  0.814221  0.820095  0.821007  0.819016  0.821235  0.824148  0.824769  0.823852  0.824110  0.825524  0.826267  0.826349  0.825775  0.825900  0.826885  0.826853  0.828290  0.828185  0.829026  0.827851  0.828392  0.828828  0.828304  0.828922  0.830162  0.828961  0.828815  0.830500  0.830002  0.829540  0.830343  0.829884  0.829803  0.830660  0.830693  0.830949  0.830275  0.830505  0.830643  0.830377  0.831186  0.831206 
===================================================

In thread 6

===================================================
Max =  0.00000  Min =  0.83130   Avg =  0.79299
No. of mutations = 28477 ;  No. of x-overs = 2676
Number of Lifecyles 4 

String =
Lifecycle 1
0 1 2 3 2 1 1 2 0 1 2 3 0.743759

Lifecycle 2
1 2 0 3 3 3 1 3 3 1 3 3 0.644886

Lifecycle 3
1 3 2 0 3 3 2 3 3 3 2 1 0.672607

Lifecycle 4
1 3 2 0 3 3 1 0 3 3 3 3 0.657738


 Best ever fitness = 0.831546 from generation = 55
 Best in each gen = 60  0.000000  0.806803  0.802531  0.809416  0.809907  0.813887  0.811447  0.813728  0.816880  0.814125  0.814742  0.815583  0.817981  0.816654  0.814841  0.814382  0.819305  0.822074  0.821752  0.822612  0.821196  0.821737  0.824935  0.823752  0.825144  0.825191  0.825672  0.825711  0.825887  0.827153  0.826609  0.828290  0.827745  0.827653  0.829053  0.828951  0.829866  0.829423  0.829374  0.829413  0.829167  0.829902  0.829652  0.830112  0.830778  0.830778  0.830161  0.830592  0.830425  0.830468  0.830088  0.830011  0.831004  0.830841  0.831481  0.831546  0.831313  0.830957  0.831434  0.830913  0.831304 
===================================================

In thread 7

===================================================
Max =  0.71869  Min =  0.83171   Avg =  0.81737
No. of mutations = 28106 ;  No. of x-overs = 2709
Number of Lifecyles 4 

String =
Lifecycle 1
0 2 3 1 1 1 0 3 0 2 0 1 0.743759

Lifecycle 2
1 1 2 3 1 3 1 2 3 1 1 1 0.587486

Lifecycle 3
1 3 2 0 0 3 2 3 3 3 3 3 0.672607

Lifecycle 4
1 3 2 0 2 3 1 3 0 3 2 1 0.657738


 Best ever fitness = 0.831715 from generation = 60
 Best in each gen = 60  0.000000  0.806336  0.801760  0.811407  0.802305  0.810981  0.815091  0.810797  0.811145  0.819683  0.815177  0.816173  0.815155  0.820121  0.819558  0.818136  0.822226  0.823784  0.824389  0.825106  0.824027  0.823230  0.827459  0.825454  0.824715  0.826964  0.827113  0.826838  0.826540  0.827484  0.827710  0.828146  0.827796  0.829064  0.828304  0.829337  0.829658  0.830337  0.829598  0.829631  0.829557  0.829047  0.830185  0.830817  0.829866  0.830622  0.829910  0.830714  0.830060  0.830778  0.830660  0.830992  0.831546  0.830660  0.830550  0.831005  0.831481  0.830785  0.831025  0.831078  0.831715 
===================================================

In thread 8

===================================================
Max =  0.00000  Min =  0.83125   Avg =  0.80989
No. of mutations = 28102 ;  No. of x-overs = 2704
Number of Lifecyles 4 

String =
Lifecycle 1
0 1 2 2 2 1 1 2 1 3 2 3 0.743759

Lifecycle 2
1 2 0 3 3 3 1 3 3 1 3 2 0.644886

Lifecycle 3
1 3 2 0 3 3 2 3 3 3 3 1 0.672607

Lifecycle 4
1 3 2 0 3 3 1 2 3 3 3 3 0.657738


 Best ever fitness = 0.831773 from generation = 56
 Best in each gen = 60  0.000000  0.814472  0.810414  0.808513  0.810832  0.817351  0.817640  0.814910  0.814860  0.816825  0.821503  0.819953  0.818647  0.818816  0.819202  0.821592  0.820887  0.821658  0.823276  0.823207  0.822961  0.824147  0.828635  0.826585  0.828155  0.826094  0.828125  0.827935  0.827731  0.828339  0.828807  0.828364  0.828983  0.829528  0.829755  0.829693  0.829201  0.830288  0.829652  0.829684  0.830091  0.829776  0.830100  0.830759  0.830566  0.830484  0.830488  0.830414  0.831103  0.830378  0.831436  0.830974  0.830938  0.830785  0.831202  0.831018  0.831773  0.831148  0.831381  0.831293  0.831248 
===================================================

In thread 9

===================================================
Max =  0.00000  Min =  0.83160   Avg =  0.80620
No. of mutations = 28479 ;  No. of x-overs = 2672
Number of Lifecyles 4 

String =
Lifecycle 1
0 2 3 3 3 0 0 2 2 0 3 1 0.743759

Lifecycle 2
1 1 1 3 1 3 1 1 3 1 3 2 0.587486

Lifecycle 3
1 3 3 0 3 3 2 3 3 3 2 3 0.672607

Lifecycle 4
1 3 2 0 3 3 1 0 3 3 3 1 0.657738


 Best ever fitness = 0.831741 from generation = 58
 Best in each gen = 60  0.000000  0.815280  0.811673  0.815966  0.815789  0.815335  0.815791  0.819418  0.819601  0.817206  0.818485  0.820109  0.819490  0.822850  0.823811  0.824282  0.824009  0.823694  0.826358  0.828125  0.825603  0.824317  0.826347  0.826303  0.826358  0.829247  0.828272  0.828146  0.827636  0.828614  0.830083  0.829752  0.829652  0.830083  0.829840  0.829272  0.830375  0.829823  0.830470  0.830198  0.830580  0.830184  0.830470  0.830693  0.830011  0.830661  0.830513  0.830851  0.831215  0.831313  0.830571  0.831045  0.831221  0.831408  0.831257  0.831475  0.831080  0.831546  0.831741  0.831314  0.831596 
===================================================

In thread 10

===================================================
Max =  0.00000  Min =  0.83131   Avg =  0.79944
No. of mutations = 28269 ;  No. of x-overs = 2671
Number of Lifecyles 4 

String =
Lifecycle 1
2 0 3 2 1 3 0 2 3 1 2 1 0.743759

Lifecycle 2
1 1 3 3 1 3 1 1 3 1 1 1 0.587486

Lifecycle 3
1 0 1 0 3 3 2 3 3 3 2 3 0.672607

Lifecycle 4
1 3 3 0 3 3 1 0 3 3 3 1 0.657738


 Best ever fitness = 0.831959 from generation = 58
 Best in each gen = 60  0.000000  0.819315  0.818517  0.817773  0.817870  0.820836  0.822725  0.823551  0.822969  0.822301  0.822618  0.825400  0.825257  0.823219  0.825115  0.825198  0.826595  0.826880  0.826467  0.826801  0.826639  0.826902  0.827828  0.828649  0.828387  0.829157  0.828918  0.829408  0.828650  0.828819  0.829405  0.830162  0.829714  0.830174  0.830196  0.830518  0.830185  0.830813  0.830375  0.830622  0.830329  0.830321  0.830225  0.831268  0.831546  0.830612  0.831817  0.831220  0.830895  0.831502  0.830841  0.831180  0.831460  0.831050  0.831499  0.831481  0.831091  0.831722  0.831959  0.831643  0.831314 
===================================================

In thread 11

===================================================
Max =  0.00000  Min =  0.83140   Avg =  0.78519
No. of mutations = 28425 ;  No. of x-overs = 2706
Number of Lifecyles 4 

String =
Lifecycle 1
1 3 1 3 1 2 1 1 3 3 2 1 0.743759

Lifecycle 2
1 1 2 3 1 3 1 1 3 2 1 3 0.587486

Lifecycle 3
1 3 3 0 3 3 2 3 3 3 3 1 0.672607

Lifecycle 4
1 3 2 0 3 3 1 0 3 3 3 3 0.657738


 Best ever fitness = 0.831622 from generation = 52
 Best in each gen = 60  0.000000  0.819736  0.820063  0.821286  0.820477  0.818194  0.821751  0.821873  0.822524  0.821540  0.823699  0.824530  0.823124  0.824110  0.826924  0.827913  0.826864  0.827818  0.828100  0.827784  0.828485  0.828644  0.829460  0.829478  0.828447  0.829652  0.830288  0.830083  0.829915  0.829248  0.829623  0.830083  0.830162  0.830513  0.829984  0.830380  0.830458  0.830714  0.830783  0.830996  0.830221  0.830711  0.830388  0.830700  0.831220  0.831232  0.831546  0.831304  0.831381  0.831518  0.831206  0.831520  0.831622  0.831179  0.831381  0.831434  0.831518  0.831276  0.831448  0.831511  0.831400 
===================================================

In thread 12

===================================================
Max =  0.72472  Min =  0.83169   Avg =  0.81939
No. of mutations = 28373 ;  No. of x-overs = 2697
Number of Lifecyles 4 

String =
Lifecycle 1
2 0 3 2 1 3 3 2 1 1 2 3 0.743759

Lifecycle 2
1 2 3 3 3 3 1 1 3 1 2 1 0.620381

Lifecycle 3
1 3 3 0 1 3 2 3 3 3 3 0 0.672607

Lifecycle 4
1 3 2 0 3 3 1 0 3 3 3 1 0.657738


 Best ever fitness = 0.832271 from generation = 48
 Best in each gen = 60  0.000000  0.821566  0.820320  0.820908  0.824110  0.823332  0.823671  0.823693  0.825276  0.826595  0.825318  0.825748  0.827777  0.827190  0.827952  0.827395  0.828257  0.828009  0.827824  0.829378  0.830076  0.828713  0.828594  0.830043  0.829329  0.829513  0.830114  0.830551  0.830261  0.830412  0.830520  0.830610  0.831220  0.830625  0.830505  0.830956  0.830846  0.831377  0.831128  0.831257  0.831073  0.831412  0.830932  0.831265  0.831838  0.831622  0.831027  0.831483  0.832271  0.831881  0.831436  0.831435  0.831379  0.831481  0.831511  0.832075  0.831648  0.831272  0.831910  0.831509  0.831685 
===================================================

In thread 13

===================================================
Max =  0.00000  Min =  0.83190   Avg =  0.80866
No. of mutations = 28398 ;  No. of x-overs = 2697
Number of Lifecyles 4 

String =
Lifecycle 1
3 2 2 2 0 1 3 1 0 0 0 1 0.743759

Lifecycle 2
1 2 3 3 3 3 1 3 3 1 3 1 0.644886

Lifecycle 3
1 3 2 0 3 3 2 3 3 3 2 1 0.672607

Lifecycle 4
1 3 2 0 3 3 1 0 3 3 1 3 0.657738


 Best ever fitness = 0.831905 from generation = 60
 Best in each gen = 60  0.000000  0.822176  0.823187  0.821690  0.822061  0.826245  0.826762  0.825822  0.826335  0.826209  0.826864  0.826605  0.827710  0.827287  0.828901  0.828898  0.828162  0.828552  0.828772  0.829324  0.830622  0.830066  0.829692  0.829460  0.830083  0.830161  0.829852  0.830360  0.829639  0.830711  0.830597  0.829923  0.830518  0.830634  0.830397  0.830643  0.830979  0.830592  0.831234  0.831062  0.830728  0.831159  0.831377  0.831220  0.831377  0.831020  0.831314  0.831625  0.831483  0.831722  0.831457  0.831897  0.831145  0.831481  0.831622  0.831546  0.831622  0.831647  0.831579  0.831494  0.831905 
===================================================

In thread 14

===================================================
Max =  0.72468  Min =  0.83149   Avg =  0.81941
No. of mutations = 28565 ;  No. of x-overs = 2734
Number of Lifecyles 4 

String =
Lifecycle 1
2 3 2 0 0 3 2 3 2 1 0 3 0.743759

Lifecycle 2
1 1 2 3 1 3 1 2 3 1 1 3 0.587486

Lifecycle 3
1 3 3 0 3 3 2 3 3 3 3 1 0.672607

Lifecycle 4
1 3 2 0 3 3 1 3 0 3 2 1 0.657738


 Best ever fitness = 0.831881 from generation = 58
 Best in each gen = 60  0.000000  0.823388  0.825275  0.826595  0.824360  0.824530  0.828125  0.828371  0.827117  0.827123  0.827540  0.826426  0.829652  0.828067  0.828544  0.829474  0.829652  0.830002  0.828828  0.829793  0.829852  0.830375  0.830640  0.829998  0.830714  0.829986  0.830509  0.830162  0.831018  0.829965  0.830425  0.830714  0.830693  0.830576  0.831215  0.831025  0.830812  0.831475  0.831254  0.831436  0.831268  0.831377  0.831097  0.831494  0.831511  0.830653  0.831434  0.831559  0.831268  0.831481  0.831470  0.831817  0.831518  0.831677  0.831733  0.831840  0.831460  0.831648  0.831881  0.831579  0.831488 
===================================================

In thread 15

===================================================
Max =  0.75667  Min =  0.83155   Avg =  0.81759
No. of mutations = 28403 ;  No. of x-overs = 2678
Number of Lifecyles 4 

String =
Lifecycle 1
0 2 2 3 0 3 1 1 3 1 3 0 0.743759

Lifecycle 2
1 1 3 3 1 3 1 1 3 1 1 1 0.587486

Lifecycle 3
1 0 1 0 3 3 2 3 3 3 2 3 0.672607

Lifecycle 4
1 3 3 0 3 3 1 0 3 3 3 1 0.657738


 Best ever fitness = 0.831959 from generation = 57
 Best in each gen = 60  0.000000  0.826753  0.827461  0.827735  0.825791  0.826750  0.827353  0.826961  0.827671  0.827123  0.828556  0.828823  0.828035  0.828176  0.829799  0.829184  0.829054  0.829460  0.830161  0.830327  0.830741  0.830329  0.830332  0.830842  0.830294  0.831232  0.829882  0.830783  0.830548  0.831034  0.830778  0.831044  0.831025  0.831189  0.831220  0.831296  0.831092  0.831481  0.831340  0.831115  0.831460  0.831481  0.831873  0.831446  0.831311  0.831580  0.831520  0.831896  0.831329  0.831362  0.831546  0.831610  0.831511  0.831758  0.831715  0.831284  0.831537  0.831959  0.831798  0.831511  0.831546 
===================================================


 O.K Good bye !!!
