Number of Threads = 16

 Reading data from file ............TTTTT  2 

gbasic_seed =  0.900000
In thread 0

===================================================
Max =  0.38213  Min =  0.63919   Avg =  0.58333
No. of mutations = 46745 ;  No. of x-overs = 4509
Number of Lifecyles 8 

String =
Lifecycle 1
3 2 0 0 1 0 1 3 2 2 2 1 0.90888

Lifecycle 2
3 1 0 0 2 0 1 2 0 2 3 2 0.930086

Lifecycle 3
3 0 3 3 2 0 2 2 0 0 2 2 0.878994

Lifecycle 4
1 1 0 3 1 3 2 3 0 1 2 2 0.84958

Lifecycle 5
3 3 1 0 3 0 1 2 3 2 3 0 0.827895

Lifecycle 6
2 3 2 0 0 3 1 2 0 3 0 1 0.828639

Lifecycle 7
2 0 3 3 2 3 2 2 0 1 2 2 0.861349

Lifecycle 8
3 3 3 3 1 3 0 0 3 1 1 1 0.809171


 Best ever fitness = 0.644115 from generation = 93
 Best in each gen = 100  0.000000  0.388977  0.385099  0.473396  0.429011  0.401657  0.435624  0.441406  0.487782  0.407744  0.450288  0.412855  0.382127  0.432532  0.383535  0.386778  0.409914  0.546982  0.444920  0.382127  0.430085  0.382127  0.389912  0.425215  0.438175  0.397639  0.459950  0.446136  0.418401  0.464858  0.431171  0.441300  0.394348  0.437255  0.469238  0.480351  0.452876  0.446481  0.480269  0.480684  0.463335  0.504720  0.463420  0.508416  0.508444  0.504126  0.504471  0.504408  0.516861  0.537483  0.526825  0.521346  0.550902  0.535553  0.570166  0.543230  0.576584  0.566808  0.574423  0.563567  0.567117  0.588776  0.577358  0.578666  0.581278  0.576622  0.604428  0.590348  0.592377  0.594851  0.610764  0.598803  0.616229  0.613454  0.620582  0.615083  0.614444  0.623602  0.616150  0.629092  0.623631  0.621065  0.630789  0.623706  0.631747  0.629712  0.630443  0.631889  0.632789  0.642323  0.643175  0.635924  0.636317  0.644115  0.638003  0.636665  0.637503  0.640860  0.637450  0.641036  0.639194 
===================================================

In thread 1

===================================================
Max =  0.38213  Min =  0.65196   Avg =  0.59105
No. of mutations = 47226 ;  No. of x-overs = 4498
Number of Lifecyles 8 

String =
Lifecycle 1
0 3 1 1 0 1 2 1 2 2 3 3 0.90888

Lifecycle 2
3 3 3 0 2 0 1 3 0 2 3 2 0.91714

Lifecycle 3
2 3 0 0 0 0 2 3 0 3 2 1 0.878994

Lifecycle 4
1 3 2 0 0 3 3 1 3 1 2 2 0.84958

Lifecycle 5
3 3 1 0 3 3 1 3 3 2 3 0 0.827895

Lifecycle 6
2 2 2 0 2 3 0 2 0 2 3 1 0.882997

Lifecycle 7
2 2 0 3 3 3 2 1 0 3 0 0 0.842722

Lifecycle 8
1 1 2 0 2 0 1 2 3 2 2 0 0.809171


 Best ever fitness = 0.653431 from generation = 96
 Best in each gen = 100  0.000000  0.382127  0.382127  0.382127  0.382127  0.382127  0.415767  0.382127  0.382127  0.410539  0.437159  0.453144  0.445407  0.432734  0.454874  0.446900  0.481136  0.435302  0.481725  0.417491  0.458012  0.509380  0.546314  0.501462  0.527371  0.532946  0.547246  0.552578  0.541203  0.548151  0.564405  0.573821  0.558124  0.561310  0.573773  0.564134  0.584806  0.569534  0.581154  0.602248  0.600964  0.606190  0.608180  0.609107  0.605531  0.602427  0.611847  0.609990  0.618731  0.612720  0.610937  0.619729  0.623208  0.617961  0.621774  0.625028  0.629060  0.623820  0.630915  0.628246  0.632395  0.629640  0.632399  0.637201  0.630850  0.632901  0.635631  0.632898  0.634498  0.636757  0.638065  0.641346  0.640447  0.637705  0.645072  0.645780  0.641215  0.643106  0.641660  0.644952  0.646493  0.647833  0.645899  0.645413  0.650028  0.648745  0.648618  0.648371  0.650054  0.650037  0.649427  0.651561  0.649799  0.649699  0.649482  0.652719  0.653431  0.652042  0.652138  0.652116  0.651960 
===================================================

In thread 3

===================================================
Max =  0.38213  Min =  0.65418   Avg =  0.59140
No. of mutations = 46750 ;  No. of x-overs = 4487
Number of Lifecyles 8 

String =
Lifecycle 1
0 3 1 3 1 0 2 2 3 3 3 0 0.90888

Lifecycle 2
2 1 3 0 0 0 3 0 0 0 3 3 0.91714

Lifecycle 3
3 0 2 0 3 3 2 2 0 0 2 0 0.878994

Lifecycle 4
1 2 2 0 1 3 1 1 0 3 2 2 0.84958

Lifecycle 5
2 3 3 0 0 3 1 1 3 2 3 0 0.827895

Lifecycle 6
2 2 0 0 3 3 2 1 0 2 1 1 0.828639

Lifecycle 7
2 2 3 3 1 3 2 0 0 0 2 0 0.842722

Lifecycle 8
2 0 3 3 3 3 1 3 3 1 2 1 0.809171


 Best ever fitness = 0.656089 from generation = 94
 Best in each gen = 100  0.000000  0.433721  0.458439  0.409285  0.507735  0.445250  0.452577  0.469099  0.457141  0.457078  0.540723  0.529706  0.475480  0.426910  0.506922  0.530284  0.518392  0.530361  0.540874  0.523592  0.534269  0.557481  0.599776  0.555079  0.562610  0.599682  0.577477  0.571525  0.593961  0.583403  0.594384  0.583437  0.601201  0.603559  0.610601  0.605462  0.610071  0.607669  0.615148  0.623091  0.612383  0.614133  0.617016  0.620142  0.620677  0.622448  0.623361  0.627151  0.630909  0.628791  0.627632  0.631936  0.627338  0.632029  0.632040  0.635328  0.643067  0.634680  0.634998  0.638279  0.638419  0.636005  0.638292  0.642275  0.638503  0.642551  0.641468  0.644545  0.643676  0.645825  0.648812  0.648423  0.643900  0.643575  0.648187  0.645481  0.648937  0.647035  0.650042  0.648731  0.648851  0.652812  0.648651  0.650166  0.650852  0.651706  0.653092  0.651025  0.651392  0.652085  0.653826  0.655059  0.653172  0.653257  0.656089  0.653873  0.654214  0.654055  0.653175  0.654803  0.654184 
===================================================

In thread 2

===================================================
Max =  0.38213  Min =  0.65513   Avg =  0.59715
No. of mutations = 47226 ;  No. of x-overs = 4490
Number of Lifecyles 8 

String =
Lifecycle 1
1 2 1 0 2 0 2 0 3 2 3 1 0.90888

Lifecycle 2
2 0 0 0 3 0 3 2 0 2 3 3 0.91714

Lifecycle 3
2 2 2 0 1 3 2 3 0 3 3 1 0.878994

Lifecycle 4
1 3 2 0 1 3 2 2 0 0 2 0 0.84958

Lifecycle 5
1 0 0 0 0 3 1 0 3 3 3 2 0.827895

Lifecycle 6
2 2 0 0 0 3 1 2 0 2 2 3 0.828639

Lifecycle 7
2 0 2 3 3 3 2 1 0 2 3 0 0.842722

Lifecycle 8
1 0 2 0 1 0 1 3 3 0 2 1 0.809171


 Best ever fitness = 0.655129 from generation = 100
 Best in each gen = 100  0.000000  0.395299  0.473695  0.457991  0.382127  0.438162  0.411946  0.382303  0.443735  0.446703  0.476059  0.484778  0.485956  0.451833  0.507643  0.472114  0.543889  0.531918  0.522546  0.546991  0.477002  0.512182  0.534032  0.570908  0.581869  0.540752  0.583493  0.560260  0.580802  0.612203  0.581793  0.590110  0.595923  0.600530  0.615478  0.601774  0.623252  0.610952  0.613562  0.613778  0.615124  0.623524  0.622675  0.619730  0.634405  0.623756  0.623897  0.625925  0.624741  0.632128  0.628216  0.626942  0.635755  0.630150  0.632678  0.633145  0.636224  0.634656  0.633224  0.637639  0.641620  0.636691  0.642010  0.640219  0.641194  0.639277  0.639014  0.640413  0.640850  0.644029  0.644524  0.643406  0.641805  0.646450  0.650259  0.649728  0.650958  0.644481  0.648098  0.650355  0.648079  0.650619  0.650151  0.649807  0.650916  0.651562  0.652630  0.653697  0.651944  0.652506  0.651669  0.653275  0.652954  0.653985  0.655004  0.653484  0.654404  0.653922  0.654455  0.655050  0.655129 
===================================================

In thread 4

===================================================
Max =  0.38213  Min =  0.65593   Avg =  0.60591
No. of mutations = 46963 ;  No. of x-overs = 4505
Number of Lifecyles 8 

String =
Lifecycle 1
3 2 1 2 2 2 3 1 1 2 3 1 0.90888

Lifecycle 2
2 2 0 0 3 0 3 2 0 2 3 3 0.91714

Lifecycle 3
2 2 2 0 0 3 2 3 0 3 3 1 0.878994

Lifecycle 4
1 3 2 0 1 3 1 1 0 3 1 3 0.84958

Lifecycle 5
3 2 0 0 0 3 1 3 3 2 1 1 0.827895

Lifecycle 6
2 0 1 0 2 3 1 3 0 2 2 1 0.828639

Lifecycle 7
2 0 0 3 3 3 2 2 0 3 2 3 0.842722

Lifecycle 8
1 2 3 3 2 3 2 0 3 2 3 1 0.809171


 Best ever fitness = 0.655932 from generation = 100
 Best in each gen = 100  0.000000  0.382127  0.410217  0.486459  0.437798  0.441335  0.471106  0.564179  0.487174  0.501940  0.541388  0.546891  0.515329  0.532649  0.547757  0.574962  0.551327  0.581222  0.551790  0.548805  0.558793  0.579195  0.574599  0.566920  0.591490  0.567427  0.573899  0.590356  0.600478  0.597318  0.600464  0.596874  0.601367  0.604760  0.605916  0.620721  0.613887  0.614562  0.623177  0.621306  0.627287  0.620716  0.631805  0.632061  0.622668  0.627848  0.632482  0.628157  0.630547  0.628803  0.635533  0.633007  0.634016  0.633318  0.634018  0.640234  0.637477  0.637653  0.638857  0.640394  0.639899  0.644301  0.637743  0.643648  0.639006  0.644137  0.645068  0.647515  0.644969  0.644618  0.644339  0.650522  0.647334  0.647975  0.650723  0.650697  0.648515  0.649671  0.649079  0.648965  0.650118  0.650645  0.651881  0.652406  0.652637  0.651593  0.653371  0.652783  0.652379  0.651875  0.653748  0.653629  0.653881  0.653056  0.654660  0.653912  0.654897  0.654673  0.654572  0.655341  0.655932 
===================================================

In thread 5

===================================================
Max =  0.38213  Min =  0.65596   Avg =  0.59897
No. of mutations = 46833 ;  No. of x-overs = 4519
Number of Lifecyles 8 

String =
Lifecycle 1
0 2 2 1 2 3 1 0 2 1 0 0 0.90888

Lifecycle 2
3 2 0 0 3 0 2 3 0 3 0 3 0.91714

Lifecycle 3
1 3 0 0 3 3 1 0 0 3 0 3 0.878994

Lifecycle 4
1 3 2 0 0 3 3 1 3 3 3 2 0.84958

Lifecycle 5
2 2 1 0 3 3 1 0 3 2 2 0 0.827895

Lifecycle 6
2 0 2 0 2 3 2 2 0 0 0 1 0.882997

Lifecycle 7
2 0 3 3 2 3 3 2 0 0 2 0 0.842722

Lifecycle 8
2 0 2 3 3 3 1 0 3 3 1 1 0.809171


 Best ever fitness = 0.656707 from generation = 99
 Best in each gen = 100  0.000000  0.525838  0.472659  0.481022  0.452490  0.496595  0.485695  0.519882  0.485622  0.519629  0.517918  0.558352  0.534285  0.580547  0.551233  0.549758  0.588054  0.586898  0.585308  0.588461  0.578635  0.611702  0.614748  0.611961  0.613077  0.609274  0.613141  0.612527  0.611666  0.610801  0.619721  0.615631  0.623924  0.621813  0.622112  0.625201  0.630827  0.631116  0.627771  0.632029  0.624995  0.628997  0.631543  0.629756  0.633421  0.631466  0.638354  0.635973  0.632062  0.645939  0.642357  0.639988  0.639029  0.637861  0.642438  0.646932  0.647844  0.641802  0.646602  0.647694  0.646970  0.648429  0.648333  0.648315  0.648508  0.649464  0.646428  0.649333  0.648261  0.649438  0.649888  0.648436  0.648799  0.649320  0.650490  0.651439  0.651668  0.650631  0.651265  0.652258  0.654611  0.654560  0.654898  0.652870  0.653345  0.655145  0.655760  0.653870  0.654481  0.654897  0.654566  0.655527  0.655149  0.656218  0.655675  0.654144  0.656011  0.656249  0.655517  0.656707  0.655957 
===================================================

In thread 6

===================================================
Max =  0.38213  Min =  0.65604   Avg =  0.60089
No. of mutations = 47635 ;  No. of x-overs = 4550
Number of Lifecyles 8 

String =
Lifecycle 1
0 3 3 0 0 1 1 1 3 0 3 2 0.90888

Lifecycle 2
2 0 0 0 3 0 3 2 0 0 3 3 0.91714

Lifecycle 3
2 2 1 0 0 3 2 3 0 3 2 1 0.878994

Lifecycle 4
2 3 3 0 3 3 2 2 0 0 2 2 0.84958

Lifecycle 5
1 2 1 0 0 3 1 1 3 2 3 2 0.827895

Lifecycle 6
2 2 2 0 2 3 1 3 0 3 2 1 0.828639

Lifecycle 7
2 3 3 3 2 3 2 0 0 2 3 0 0.842722

Lifecycle 8
2 1 2 0 2 3 1 0 3 3 0 1 0.809171


 Best ever fitness = 0.657783 from generation = 99
 Best in each gen = 100  0.000000  0.435855  0.461761  0.486034  0.474021  0.516959  0.474897  0.494319  0.522221  0.531635  0.550842  0.561326  0.564893  0.574171  0.580557  0.567216  0.582608  0.581082  0.588409  0.604550  0.592811  0.609083  0.609215  0.605173  0.604553  0.612933  0.620530  0.615391  0.613510  0.625252  0.616051  0.620161  0.622457  0.622306  0.624296  0.627547  0.624704  0.628760  0.630342  0.631280  0.630967  0.631889  0.637138  0.646421  0.642111  0.636830  0.635253  0.636030  0.637653  0.644185  0.637253  0.645800  0.646068  0.646718  0.645495  0.645171  0.648075  0.642542  0.641567  0.646556  0.648765  0.651982  0.646223  0.648825  0.648697  0.651309  0.653373  0.650091  0.648799  0.652893  0.651253  0.654287  0.654052  0.652495  0.654274  0.652825  0.652771  0.654436  0.654549  0.653555  0.653884  0.653661  0.654732  0.654689  0.655505  0.654756  0.655842  0.655550  0.655462  0.656341  0.655762  0.657166  0.657427  0.655753  0.656437  0.656458  0.656539  0.657098  0.656214  0.657783  0.656045 
===================================================

In thread 9

===================================================
Max =  0.38213  Min =  0.65686   Avg =  0.60035
No. of mutations = 47529 ;  No. of x-overs = 4472
Number of Lifecyles 8 

String =
Lifecycle 1
0 3 3 2 1 1 0 0 2 1 1 0 0.90888

Lifecycle 2
2 0 2 0 0 0 3 3 0 3 3 3 0.91714

Lifecycle 3
2 2 2 0 1 3 2 3 0 3 2 1 0.878994

Lifecycle 4
1 3 2 0 1 3 1 3 0 3 2 2 0.84958

Lifecycle 5
2 0 1 0 3 3 1 3 3 2 3 1 0.827895

Lifecycle 6
2 3 1 0 2 3 2 3 3 1 2 0 0.828639

Lifecycle 7
1 3 1 0 2 3 2 0 0 1 2 0 0.842722

Lifecycle 8
1 0 3 3 0 3 1 0 0 3 2 0 0.809171


 Best ever fitness = 0.657464 from generation = 92
 Best in each gen = 100  0.000000  0.546583  0.549687  0.545186  0.569120  0.563121  0.576611  0.601293  0.613326  0.595465  0.593469  0.602374  0.600695  0.602988  0.607275  0.614544  0.608712  0.613597  0.622833  0.610916  0.615107  0.622462  0.622783  0.622905  0.624281  0.624203  0.632119  0.620246  0.625873  0.624896  0.632331  0.631041  0.632062  0.634285  0.630325  0.633571  0.638658  0.635872  0.637521  0.638593  0.638662  0.642294  0.636566  0.639756  0.638208  0.642472  0.640101  0.651295  0.641972  0.645495  0.649136  0.645673  0.644147  0.645389  0.646652  0.648061  0.649333  0.650624  0.651660  0.648731  0.648753  0.651758  0.652161  0.652349  0.650984  0.652387  0.653047  0.651522  0.654533  0.651284  0.653402  0.653628  0.653670  0.653270  0.652810  0.653399  0.654943  0.655070  0.655933  0.654864  0.655408  0.655824  0.654859  0.654670  0.655097  0.655557  0.655994  0.655234  0.655048  0.655982  0.656493  0.656450  0.657464  0.656492  0.657198  0.657366  0.657214  0.657141  0.657305  0.657309  0.656858 
===================================================

In thread 11

===================================================
Max =  0.49566  Min =  0.65713   Avg =  0.60001
No. of mutations = 47152 ;  No. of x-overs = 4470
Number of Lifecyles 8 

String =
Lifecycle 1
0 3 1 0 1 0 3 2 1 1 0 2 0.90888

Lifecycle 2
2 3 1 0 3 0 3 0 0 3 3 3 0.91714

Lifecycle 3
2 2 2 0 0 3 2 2 0 3 2 3 0.878994

Lifecycle 4
1 3 2 0 1 3 1 2 0 0 3 2 0.84958

Lifecycle 5
1 2 0 0 0 3 1 1 3 0 3 0 0.827895

Lifecycle 6
2 2 1 0 2 3 2 2 3 2 3 2 0.828639

Lifecycle 7
2 0 0 3 3 3 2 0 0 1 1 2 0.842722

Lifecycle 8
2 2 0 3 2 3 2 2 3 2 3 0 0.809171


 Best ever fitness = 0.657564 from generation = 87
 Best in each gen = 100  0.000000  0.575061  0.566625  0.567308  0.590866  0.574359  0.595138  0.586761  0.609233  0.599020  0.610520  0.610831  0.614083  0.612314  0.617885  0.617907  0.628764  0.621107  0.617920  0.622128  0.620245  0.630159  0.623550  0.631740  0.632663  0.624115  0.626637  0.631747  0.631047  0.642329  0.631897  0.636348  0.633474  0.636052  0.638890  0.636863  0.644728  0.639361  0.638318  0.645914  0.640038  0.639259  0.649014  0.647531  0.645206  0.648463  0.644783  0.649146  0.641697  0.648319  0.650093  0.647871  0.646870  0.649414  0.649115  0.648939  0.648493  0.650847  0.649988  0.653885  0.651112  0.649637  0.651647  0.652360  0.650989  0.653152  0.651835  0.654091  0.652911  0.653695  0.653711  0.653491  0.654233  0.654818  0.654394  0.653819  0.655015  0.656649  0.654565  0.655267  0.655583  0.656295  0.655410  0.656046  0.656150  0.656162  0.655459  0.657564  0.657150  0.656695  0.656308  0.656990  0.656930  0.656291  0.657459  0.656308  0.656747  0.656409  0.656467  0.656833  0.657129 
===================================================

In thread 10

===================================================
Max =  0.38213  Min =  0.65743   Avg =  0.59012
No. of mutations = 47390 ;  No. of x-overs = 4452
Number of Lifecyles 8 

String =
Lifecycle 1
0 3 1 0 1 0 3 2 1 1 0 2 0.90888

Lifecycle 2
2 3 1 0 3 0 3 0 0 3 3 2 0.91714

Lifecycle 3
2 2 2 0 0 3 2 2 0 3 2 3 0.878994

Lifecycle 4
1 1 3 0 1 3 1 2 0 0 3 3 0.84958

Lifecycle 5
1 2 0 0 0 3 1 0 3 0 2 1 0.827895

Lifecycle 6
2 2 1 0 3 3 2 1 3 0 2 3 0.828639

Lifecycle 7
2 0 0 3 3 3 2 0 0 1 3 2 0.842722

Lifecycle 8
2 2 0 3 2 3 2 1 3 3 1 1 0.809171


 Best ever fitness = 0.657541 from generation = 99
 Best in each gen = 100  0.000000  0.558375  0.565821  0.576870  0.609609  0.572954  0.584788  0.585027  0.587654  0.588573  0.598746  0.607100  0.609632  0.606713  0.606622  0.619304  0.616189  0.612949  0.624733  0.620915  0.617927  0.618318  0.625640  0.628181  0.621845  0.630081  0.630950  0.632707  0.635228  0.636405  0.642329  0.639643  0.632979  0.636553  0.636549  0.639988  0.636859  0.641671  0.637354  0.641159  0.641340  0.637665  0.637911  0.647777  0.640554  0.640206  0.642090  0.643741  0.645978  0.648457  0.646217  0.647518  0.650271  0.646526  0.648896  0.649744  0.650013  0.651716  0.650725  0.650449  0.651020  0.651128  0.653913  0.652549  0.653272  0.654162  0.653050  0.652293  0.653198  0.654152  0.654937  0.653641  0.653798  0.655185  0.655207  0.655058  0.654930  0.656833  0.655992  0.656775  0.655379  0.655982  0.657318  0.656170  0.656844  0.656513  0.655644  0.655962  0.656302  0.656462  0.656760  0.656410  0.656916  0.656932  0.657083  0.657308  0.657481  0.657026  0.656356  0.657541  0.657425 
===================================================

In thread 7

===================================================
Max =  0.47823  Min =  0.65760   Avg =  0.60775
No. of mutations = 47265 ;  No. of x-overs = 4522
Number of Lifecyles 8 

String =
Lifecycle 1
2 0 0 1 3 0 2 1 1 2 3 1 0.90888

Lifecycle 2
2 0 0 0 3 0 3 2 0 2 3 3 0.911922

Lifecycle 3
2 2 2 0 0 3 2 3 0 3 2 1 0.878994

Lifecycle 4
1 3 1 0 0 3 2 3 3 0 2 2 0.84958

Lifecycle 5
2 2 1 0 3 3 1 1 3 2 3 2 0.827895

Lifecycle 6
2 2 1 0 2 3 2 2 0 2 0 1 0.828639

Lifecycle 7
2 0 0 0 3 3 2 2 0 1 1 1 0.842722

Lifecycle 8
2 1 0 0 2 3 2 1 3 0 3 2 0.809171


 Best ever fitness = 0.658301 from generation = 99
 Best in each gen = 100  0.000000  0.506033  0.504589  0.493368  0.546991  0.539631  0.516346  0.562797  0.558279  0.580385  0.565832  0.586336  0.584032  0.574485  0.578904  0.600794  0.609436  0.603711  0.603459  0.611155  0.614863  0.606606  0.613892  0.619738  0.623093  0.624389  0.623692  0.626180  0.618469  0.623933  0.626954  0.630573  0.626348  0.630542  0.630032  0.632017  0.634349  0.633752  0.632270  0.638931  0.634298  0.638538  0.636681  0.634905  0.642125  0.646335  0.638669  0.637231  0.644151  0.643133  0.646407  0.646462  0.648556  0.644454  0.644194  0.648216  0.646129  0.648109  0.647298  0.651059  0.650578  0.649363  0.649851  0.648988  0.651328  0.649149  0.652512  0.651062  0.654680  0.650955  0.651340  0.652675  0.652724  0.653601  0.653210  0.653324  0.655092  0.654973  0.655053  0.654013  0.655955  0.655748  0.654463  0.654661  0.655393  0.656969  0.655979  0.655391  0.655656  0.656487  0.656120  0.656144  0.656626  0.656553  0.656388  0.656926  0.657464  0.657075  0.657597  0.658301  0.657598 
===================================================

In thread 8

===================================================
Max =  0.38213  Min =  0.65839   Avg =  0.59611
No. of mutations = 47418 ;  No. of x-overs = 4537
Number of Lifecyles 8 

String =
Lifecycle 1
1 3 1 2 2 2 2 3 1 2 3 1 0.90888

Lifecycle 2
2 0 0 0 3 0 3 2 0 0 2 3 0.91714

Lifecycle 3
3 3 2 0 1 3 2 2 0 0 2 3 0.878994

Lifecycle 4
1 0 2 0 1 3 1 3 0 1 2 3 0.84958

Lifecycle 5
2 3 0 0 0 3 1 1 3 2 3 0 0.827895

Lifecycle 6
2 2 1 0 3 3 3 0 0 2 3 0 0.882997

Lifecycle 7
2 0 1 3 2 3 2 0 0 3 2 0 0.842722

Lifecycle 8
2 2 0 3 2 3 1 0 3 3 3 0 0.809171


 Best ever fitness = 0.658392 from generation = 100
 Best in each gen = 100  0.000000  0.505520  0.490951  0.529252  0.544199  0.527961  0.555270  0.570933  0.579245  0.591857  0.579880  0.581101  0.602402  0.582267  0.588265  0.608431  0.603648  0.608130  0.603793  0.615026  0.608447  0.615570  0.618457  0.617329  0.623751  0.628359  0.625558  0.629019  0.629264  0.624869  0.631826  0.627932  0.631607  0.633386  0.632061  0.635296  0.631997  0.635172  0.633199  0.637724  0.631050  0.640520  0.637272  0.644376  0.644030  0.637939  0.639841  0.648429  0.643571  0.648206  0.643721  0.640636  0.641743  0.647164  0.647013  0.648618  0.649721  0.648725  0.648594  0.649255  0.648949  0.650205  0.650292  0.651796  0.649855  0.650886  0.651865  0.651989  0.653126  0.652751  0.654214  0.654077  0.653833  0.653941  0.655059  0.653376  0.654980  0.654254  0.654283  0.654708  0.656248  0.654290  0.655484  0.655559  0.656571  0.656585  0.655044  0.656230  0.656374  0.655835  0.656304  0.656656  0.657550  0.657801  0.657162  0.656465  0.656947  0.657340  0.657217  0.658174  0.658392 
===================================================

In thread 13

===================================================
Max =  0.38213  Min =  0.65677   Avg =  0.60458
No. of mutations = 47026 ;  No. of x-overs = 4504
Number of Lifecyles 8 

String =
Lifecycle 1
0 2 1 0 2 3 2 0 1 2 1 1 0.90888

Lifecycle 2
2 0 0 0 3 0 2 2 0 2 3 3 0.91714

Lifecycle 3
2 2 2 0 1 3 2 3 0 3 1 3 0.878994

Lifecycle 4
1 2 2 0 3 3 2 2 0 0 2 0 0.875453

Lifecycle 5
3 1 1 0 3 3 1 3 3 2 2 0 0.827895

Lifecycle 6
2 3 2 0 1 3 1 3 0 2 2 3 0.828639

Lifecycle 7
2 3 2 3 3 3 2 0 0 3 2 0 0.842722

Lifecycle 8
2 3 0 3 2 3 1 2 3 0 1 1 0.809171


 Best ever fitness = 0.658097 from generation = 98
 Best in each gen = 100  0.000000  0.595523  0.592048  0.580675  0.588216  0.605798  0.583882  0.600825  0.608412  0.618328  0.615352  0.617271  0.618645  0.622378  0.624602  0.620432  0.619983  0.621000  0.625820  0.625098  0.634232  0.630412  0.630642  0.634755  0.632581  0.633660  0.634817  0.637399  0.634969  0.633807  0.637483  0.638610  0.634631  0.638181  0.640737  0.641671  0.639839  0.641255  0.642335  0.648586  0.647560  0.642941  0.644039  0.646309  0.646602  0.648336  0.645285  0.647806  0.647717  0.647785  0.649947  0.649475  0.651612  0.651516  0.651405  0.651941  0.652990  0.653037  0.651984  0.651791  0.652344  0.654032  0.653797  0.652459  0.655804  0.654200  0.654659  0.655448  0.654833  0.656054  0.654242  0.655233  0.654765  0.656863  0.656366  0.656138  0.655733  0.656488  0.656560  0.656265  0.656271  0.657003  0.656623  0.656639  0.657995  0.657315  0.656941  0.657641  0.657110  0.657329  0.656941  0.657388  0.657158  0.657691  0.657643  0.657638  0.657612  0.657496  0.658097  0.656946  0.656770 
===================================================

In thread 12

===================================================
Max =  0.38213  Min =  0.65798   Avg =  0.60290
No. of mutations = 47470 ;  No. of x-overs = 4481
Number of Lifecyles 8 

String =
Lifecycle 1
1 2 0 0 0 1 3 1 1 2 3 1 0.90888

Lifecycle 2
2 0 0 0 3 0 2 0 0 3 3 3 0.91714

Lifecycle 3
2 3 2 0 1 3 3 3 0 3 3 1 0.878994

Lifecycle 4
1 3 3 0 1 3 1 1 0 3 3 3 0.84958

Lifecycle 5
3 2 2 0 0 3 0 3 3 3 1 1 0.827895

Lifecycle 6
2 0 0 0 0 3 1 3 0 0 2 1 0.882997

Lifecycle 7
2 0 0 3 3 3 2 0 0 3 2 2 0.842722

Lifecycle 8
2 2 3 3 1 3 1 0 3 0 2 3 0.809171


 Best ever fitness = 0.658295 from generation = 96
 Best in each gen = 100  0.000000  0.580195  0.591363  0.602001  0.586554  0.587907  0.596002  0.612869  0.607772  0.612843  0.623155  0.614623  0.615300  0.614507  0.622037  0.618623  0.620434  0.623045  0.621031  0.629097  0.622460  0.627453  0.631273  0.629003  0.626401  0.626327  0.629085  0.635928  0.637592  0.635042  0.632889  0.633026  0.636165  0.633934  0.640234  0.647539  0.640002  0.643273  0.642591  0.640748  0.642860  0.643090  0.647561  0.644459  0.642944  0.649430  0.644179  0.649652  0.647724  0.648984  0.649726  0.648970  0.650489  0.649836  0.652184  0.651047  0.650310  0.653096  0.652629  0.652919  0.651983  0.652407  0.653407  0.655185  0.654037  0.652684  0.654789  0.654148  0.654089  0.655157  0.654799  0.655425  0.654385  0.656106  0.654572  0.655738  0.654631  0.655747  0.655503  0.656838  0.656128  0.657085  0.656966  0.657463  0.657142  0.656288  0.657593  0.656838  0.656950  0.657710  0.657562  0.657490  0.658202  0.657649  0.658238  0.656771  0.658295  0.657905  0.657729  0.657552  0.657982 
===================================================

In thread 14

===================================================
Max =  0.38213  Min =  0.65782   Avg =  0.60270
No. of mutations = 47196 ;  No. of x-overs = 4520
Number of Lifecyles 8 

String =
Lifecycle 1
1 2 1 0 3 2 2 1 1 2 3 1 0.90888

Lifecycle 2
2 0 0 0 3 0 3 3 0 3 3 3 0.91714

Lifecycle 3
2 2 2 0 0 3 2 1 0 3 3 1 0.878994

Lifecycle 4
2 3 1 0 3 3 3 2 3 0 2 2 0.84958

Lifecycle 5
3 1 0 0 3 3 1 0 3 2 3 2 0.827895

Lifecycle 6
2 0 1 0 3 3 2 0 0 2 2 3 0.882997

Lifecycle 7
2 0 0 3 3 3 2 0 0 1 1 2 0.842722

Lifecycle 8
2 2 0 3 2 3 2 2 3 3 3 0 0.809171


 Best ever fitness = 0.658230 from generation = 99
 Best in each gen = 100  0.000000  0.609240  0.605799  0.612176  0.596707  0.614312  0.605135  0.609226  0.615760  0.630336  0.624388  0.611566  0.631048  0.629056  0.621546  0.619853  0.622388  0.629995  0.621844  0.634173  0.635755  0.630199  0.634031  0.633690  0.639053  0.634006  0.632604  0.637845  0.635928  0.633461  0.634557  0.636006  0.640566  0.637629  0.639469  0.648522  0.646406  0.640734  0.645942  0.644079  0.643697  0.648257  0.646613  0.647485  0.646418  0.649761  0.649393  0.650678  0.646573  0.648426  0.650346  0.652252  0.652450  0.655408  0.650671  0.652741  0.652611  0.651346  0.652807  0.653180  0.653592  0.652686  0.653759  0.653743  0.654310  0.653991  0.654990  0.655310  0.654996  0.655881  0.656684  0.654722  0.656463  0.656039  0.655532  0.657475  0.655614  0.656477  0.656979  0.656096  0.657226  0.657673  0.656990  0.657888  0.657203  0.657096  0.658122  0.657660  0.657126  0.656893  0.657866  0.656948  0.657579  0.657856  0.657659  0.657982  0.657224  0.657292  0.657748  0.658230  0.657816 
===================================================

In thread 15

===================================================
Max =  0.38213  Min =  0.65690   Avg =  0.60258
No. of mutations = 47372 ;  No. of x-overs = 4472
Number of Lifecyles 8 

String =
Lifecycle 1
0 3 1 0 1 1 3 1 1 0 2 2 0.90888

Lifecycle 2
2 3 3 0 0 0 3 3 0 3 2 1 0.91714

Lifecycle 3
1 3 0 0 0 3 2 0 0 1 3 1 0.878994

Lifecycle 4
2 3 3 0 3 3 1 3 0 1 2 2 0.84958

Lifecycle 5
2 3 1 0 0 3 1 1 3 0 3 0 0.827895

Lifecycle 6
2 3 0 0 3 3 2 3 0 2 3 1 0.882997

Lifecycle 7
2 2 1 0 2 3 2 0 0 0 2 0 0.842722

Lifecycle 8
1 0 3 3 2 3 2 2 3 2 3 0 0.809171


 Best ever fitness = 0.659192 from generation = 98
 Best in each gen = 100  0.000000  0.595881  0.608712  0.609991  0.609133  0.603738  0.613185  0.619087  0.611433  0.619975  0.616089  0.613938  0.621420  0.620603  0.622330  0.629712  0.625680  0.630330  0.630644  0.628366  0.632910  0.633320  0.636765  0.633947  0.641671  0.634025  0.633497  0.635771  0.641729  0.635824  0.645679  0.643749  0.648657  0.644657  0.640084  0.640103  0.640276  0.648631  0.641427  0.645628  0.646346  0.648108  0.648063  0.647896  0.649629  0.650648  0.648398  0.650814  0.651267  0.651508  0.649737  0.651808  0.655393  0.650895  0.653728  0.653047  0.652884  0.653461  0.654724  0.653041  0.654270  0.653079  0.654621  0.654439  0.655408  0.655650  0.655072  0.655397  0.655227  0.656504  0.655872  0.656773  0.656128  0.655383  0.656783  0.656716  0.656628  0.657874  0.657752  0.656911  0.656677  0.656627  0.656907  0.656785  0.657110  0.657484  0.657611  0.656918  0.657305  0.657270  0.657481  0.657500  0.657710  0.657406  0.657841  0.657832  0.657226  0.658184  0.659192  0.657215  0.656895 
===================================================


 O.K Good bye !!!
