Number of Threads = 16

 Reading data from file ............TTTTT  2 

gbasic_seed =  0.500000
In thread 0

===================================================
Max =  0.00000  Min =  0.82876   Avg =  0.79850
No. of mutations = 47278 ;  No. of x-overs = 4480
Number of Lifecyles 3 

String =
Lifecycle 1
1 2 3 3 1 0 1 3 1 2 0 0 0.984474

Lifecycle 2
1 3 1 3 1 3 1 3 3 3 3 1 0.821351

Lifecycle 3
1 1 3 3 3 3 1 1 3 1 3 3 0.74624


 Best ever fitness = 0.828764 from generation = 100
 Best in each gen = 100  0.000000  0.775424  0.739018  0.768334  0.768716  0.749689  0.767183  0.749970  0.775815  0.786837  0.773885  0.767608  0.762463  0.765391  0.760136  0.765001  0.788504  0.762818  0.769148  0.776209  0.789314  0.782637  0.795553  0.785679  0.795571  0.782152  0.789839  0.782788  0.801381  0.795903  0.799546  0.801178  0.805480  0.806221  0.802716  0.796931  0.806221  0.809221  0.807900  0.803768  0.805912  0.799967  0.813095  0.814826  0.808826  0.806072  0.814599  0.814053  0.815763  0.815003  0.813261  0.816150  0.822755  0.813253  0.814717  0.816049  0.820851  0.817235  0.822755  0.819217  0.821141  0.820133  0.822755  0.820133  0.822716  0.823217  0.822524  0.824564  0.821870  0.825822  0.825161  0.825456  0.826338  0.826412  0.827029  0.827641  0.827373  0.827167  0.827145  0.827775  0.827761  0.827761  0.827840  0.827775  0.828176  0.827840  0.827886  0.827775  0.827840  0.828176  0.828176  0.828176  0.828176  0.828176  0.828298  0.828298  0.828298  0.828298  0.828471  0.828471  0.828764 
===================================================

In thread 2

===================================================
Max =  0.00000  Min =  0.82847   Avg =  0.80669
No. of mutations = 47254 ;  No. of x-overs = 4454
Number of Lifecyles 3 

String =
Lifecycle 1
0 1 1 2 1 0 2 2 3 1 1 2 0.984474

Lifecycle 2
1 3 1 3 1 3 1 3 3 3 3 1 0.821351

Lifecycle 3
1 1 3 3 3 3 1 1 3 1 3 3 0.74624


 Best ever fitness = 0.828764 from generation = 95
 Best in each gen = 100  0.000000  0.766099  0.789375  0.790946  0.795304  0.792420  0.772810  0.806221  0.793728  0.814808  0.798566  0.789884  0.796661  0.805543  0.791522  0.805912  0.793839  0.794093  0.812196  0.807584  0.799300  0.806221  0.813661  0.804651  0.807900  0.800737  0.796782  0.810119  0.816802  0.813622  0.808833  0.816479  0.814232  0.814740  0.816146  0.808290  0.820851  0.817918  0.814264  0.816281  0.818163  0.813491  0.815538  0.819132  0.818219  0.818232  0.814927  0.815385  0.815246  0.817233  0.824513  0.823403  0.822274  0.824926  0.821899  0.824611  0.823548  0.823219  0.826239  0.824611  0.823531  0.826306  0.826821  0.826239  0.826184  0.826239  0.827691  0.827761  0.827840  0.827840  0.827840  0.827886  0.828176  0.827775  0.827840  0.827840  0.827886  0.828176  0.828109  0.827886  0.828176  0.828244  0.828273  0.828273  0.828273  0.828244  0.828471  0.828298  0.828471  0.828298  0.828471  0.828471  0.828471  0.828298  0.828471  0.828764  0.828471  0.828471  0.828471  0.828471  0.828471 
===================================================

In thread 1

===================================================
Max =  0.00000  Min =  0.82876   Avg =  0.80843
No. of mutations = 47017 ;  No. of x-overs = 4468
Number of Lifecyles 3 

String =
Lifecycle 1
1 0 3 3 1 0 0 2 1 2 0 0 0.984474

Lifecycle 2
1 3 1 3 1 3 1 3 3 3 3 1 0.821351

Lifecycle 3
1 1 3 3 3 3 1 1 3 1 3 3 0.74624


 Best ever fitness = 0.828764 from generation = 94
 Best in each gen = 100  0.000000  0.741099  0.773309  0.732427  0.732006  0.775503  0.774018  0.786220  0.752328  0.778512  0.738863  0.775877  0.789168  0.812286  0.789346  0.768876  0.791339  0.786768  0.787994  0.797399  0.782637  0.782069  0.779639  0.783096  0.778730  0.792934  0.802752  0.810342  0.803262  0.794313  0.810031  0.798264  0.805731  0.807705  0.806459  0.808897  0.815538  0.814463  0.813329  0.812196  0.815955  0.823090  0.818064  0.817641  0.818104  0.822755  0.823217  0.820467  0.820851  0.821045  0.823543  0.823317  0.823602  0.822047  0.824611  0.824383  0.824716  0.826060  0.826521  0.825066  0.825969  0.824853  0.826877  0.826877  0.827167  0.827641  0.827840  0.828176  0.827641  0.827775  0.827029  0.828176  0.827840  0.827840  0.827840  0.828471  0.828176  0.828298  0.828298  0.828244  0.828471  0.828298  0.828471  0.828298  0.828298  0.828298  0.828471  0.828471  0.828471  0.828471  0.828471  0.828471  0.828471  0.828471  0.828764  0.828471  0.828764  0.828764  0.828764  0.828764  0.828764 
===================================================

In thread 3

===================================================
Max =  0.00000  Min =  0.82910   Avg =  0.79656
No. of mutations = 47122 ;  No. of x-overs = 4502
Number of Lifecyles 3 

String =
Lifecycle 1
2 0 1 2 1 1 3 3 0 2 2 0 0.984474

Lifecycle 2
1 3 1 3 1 3 1 3 3 3 3 1 0.821351

Lifecycle 3
1 3 3 3 3 3 1 1 3 1 1 1 0.74624


 Best ever fitness = 0.829099 from generation = 77
 Best in each gen = 100  0.000000  0.775595  0.785672  0.761146  0.788339  0.771453  0.814826  0.803777  0.807705  0.792673  0.793839  0.799952  0.814232  0.807642  0.803897  0.801425  0.816174  0.815264  0.818874  0.816518  0.820822  0.818232  0.816578  0.818275  0.819620  0.816092  0.820085  0.822367  0.822274  0.820053  0.824093  0.824988  0.823268  0.824075  0.825130  0.826210  0.826184  0.825273  0.825415  0.826210  0.826821  0.827840  0.826548  0.827460  0.826623  0.827840  0.827840  0.827641  0.827840  0.827641  0.828109  0.827886  0.827886  0.828176  0.828244  0.828298  0.828176  0.828176  0.828244  0.828298  0.828298  0.828298  0.828471  0.828298  0.828471  0.828471  0.828471  0.828471  0.828471  0.828471  0.828471  0.828471  0.828471  0.828764  0.828471  0.828471  0.828471  0.829099  0.828471  0.828471  0.828764  0.828764  0.828764  0.828764  0.828764  0.828764  0.828764  0.828764  0.828764  0.828764  0.828764  0.828764  0.828764  0.829099  0.829099  0.828764  0.828764  0.829099  0.829099  0.829099  0.829099 
===================================================

In thread 4

===================================================
Max =  0.00000  Min =  0.82910   Avg =  0.77816
No. of mutations = 47231 ;  No. of x-overs = 4496
Number of Lifecyles 3 

String =
Lifecycle 1
3 1 1 2 3 0 2 2 2 2 0 3 0.984474

Lifecycle 2
1 3 1 3 1 3 1 3 3 3 3 1 0.821351

Lifecycle 3
1 3 3 3 3 3 1 1 3 1 1 1 0.74624


 Best ever fitness = 0.829099 from generation = 95
 Best in each gen = 100  0.000000  0.783096  0.800860  0.789314  0.805912  0.797399  0.798573  0.811582  0.814826  0.796857  0.814140  0.809126  0.820851  0.811959  0.814990  0.816863  0.817431  0.819625  0.820979  0.818923  0.825130  0.822266  0.822273  0.822078  0.825323  0.824093  0.823531  0.822560  0.825246  0.824826  0.825378  0.826083  0.826338  0.825892  0.825900  0.826184  0.826863  0.826946  0.827167  0.826821  0.827161  0.827145  0.827886  0.827775  0.827840  0.828176  0.828176  0.828050  0.828298  0.828244  0.828273  0.828109  0.828244  0.828471  0.828298  0.828298  0.828298  0.828764  0.828471  0.828471  0.828298  0.828298  0.828471  0.828471  0.828471  0.828471  0.828471  0.828764  0.828764  0.828764  0.828764  0.828764  0.828471  0.828471  0.828471  0.828471  0.828471  0.828764  0.828764  0.828471  0.828764  0.828764  0.828764  0.828764  0.828764  0.828764  0.828764  0.828764  0.828764  0.828764  0.828764  0.828764  0.828764  0.828764  0.828764  0.829099  0.829099  0.829099  0.829099  0.829099  0.829099 
===================================================

In thread 5

===================================================
Max =  0.00000  Min =  0.82910   Avg =  0.78820
No. of mutations = 47301 ;  No. of x-overs = 4491
Number of Lifecyles 3 

String =
Lifecycle 1
3 2 2 2 2 2 3 2 0 1 1 1 0.984474

Lifecycle 2
1 3 1 3 1 3 1 3 3 3 3 1 0.821351

Lifecycle 3
1 3 3 3 3 3 1 1 3 1 1 1 0.74624


 Best ever fitness = 0.829099 from generation = 85
 Best in each gen = 100  0.000000  0.805912  0.795780  0.798053  0.793462  0.814927  0.814336  0.813463  0.813663  0.819620  0.811037  0.820421  0.822030  0.817402  0.819297  0.820724  0.822273  0.822755  0.823062  0.818284  0.821143  0.823940  0.824513  0.825107  0.824988  0.823703  0.826184  0.826239  0.826239  0.826338  0.826239  0.827167  0.826184  0.826060  0.826412  0.827029  0.827029  0.827775  0.827761  0.827840  0.827161  0.828176  0.827886  0.827840  0.827840  0.827840  0.828176  0.828244  0.827886  0.828176  0.828176  0.828298  0.828298  0.828244  0.828298  0.828471  0.828471  0.828471  0.828298  0.828471  0.828471  0.828471  0.828471  0.828471  0.828471  0.828764  0.828471  0.828471  0.828471  0.828764  0.828764  0.828471  0.828764  0.828471  0.828764  0.828764  0.828764  0.828764  0.828764  0.828764  0.828764  0.828764  0.828764  0.828764  0.828764  0.829099  0.828764  0.828764  0.828764  0.828764  0.829099  0.828764  0.828764  0.829099  0.829099  0.829099  0.829099  0.829099  0.829099  0.829099  0.829099 
===================================================

In thread 7

===================================================
Max =  0.74098  Min =  0.82910   Avg =  0.81762
No. of mutations = 46993 ;  No. of x-overs = 4513
Number of Lifecyles 3 

String =
Lifecycle 1
1 2 3 3 1 2 3 2 0 2 2 0 0.984474

Lifecycle 2
1 3 1 3 1 3 1 3 3 3 3 1 0.820771

Lifecycle 3
1 3 3 3 3 3 1 1 3 1 1 1 0.74624


 Best ever fitness = 0.829176 from generation = 99
 Best in each gen = 100  0.000000  0.815394  0.816150  0.819620  0.812138  0.817427  0.820278  0.817834  0.818671  0.818572  0.820133  0.821312  0.823090  0.818984  0.821869  0.826184  0.821671  0.823474  0.824101  0.824742  0.825130  0.824716  0.825822  0.827405  0.826416  0.827840  0.826946  0.826436  0.827161  0.826338  0.826946  0.827167  0.827775  0.827775  0.827840  0.827775  0.827840  0.828176  0.828109  0.827886  0.828109  0.828244  0.828244  0.828273  0.828471  0.828463  0.828298  0.828471  0.828298  0.828471  0.828471  0.828471  0.828471  0.828471  0.828471  0.828471  0.828764  0.828471  0.828764  0.828471  0.828471  0.828471  0.828764  0.828764  0.828471  0.828471  0.828764  0.828764  0.828764  0.828764  0.828764  0.828764  0.828764  0.828471  0.828764  0.828764  0.828764  0.828764  0.828764  0.828764  0.828764  0.828764  0.828764  0.828764  0.829099  0.829099  0.829099  0.829099  0.829099  0.829099  0.829099  0.829099  0.829099  0.829099  0.829099  0.829099  0.829099  0.829099  0.829099  0.829176  0.829099 
===================================================

In thread 6

===================================================
Max =  0.56653  Min =  0.82918   Avg =  0.81409
No. of mutations = 47651 ;  No. of x-overs = 4456
Number of Lifecyles 3 

String =
Lifecycle 1
1 0 0 2 0 3 1 2 1 0 2 0 0.984474

Lifecycle 2
1 3 1 3 1 3 1 3 3 3 3 1 0.820771

Lifecycle 3
1 3 3 3 3 3 1 1 3 1 1 1 0.74624


 Best ever fitness = 0.829176 from generation = 94
 Best in each gen = 100  0.000000  0.814826  0.811412  0.815102  0.816372  0.815614  0.812442  0.819355  0.817382  0.817268  0.818677  0.821269  0.817869  0.816796  0.818301  0.823548  0.823548  0.820891  0.822630  0.824716  0.824924  0.824843  0.823531  0.823879  0.823976  0.826306  0.827167  0.826321  0.826184  0.826567  0.827101  0.827641  0.826946  0.826821  0.827840  0.827341  0.827840  0.827761  0.827840  0.828176  0.828109  0.828109  0.828298  0.828298  0.828176  0.828176  0.828298  0.828244  0.828471  0.828298  0.828298  0.828471  0.828298  0.828471  0.828471  0.828764  0.828471  0.828471  0.828764  0.828764  0.828471  0.828471  0.828764  0.828471  0.828471  0.828471  0.828764  0.828471  0.828764  0.828471  0.828764  0.828764  0.828764  0.828764  0.828764  0.828764  0.828764  0.828764  0.828764  0.829099  0.828764  0.829099  0.829099  0.829099  0.829099  0.829099  0.829099  0.829099  0.829099  0.829099  0.829099  0.829099  0.829099  0.829099  0.829176  0.829176  0.829176  0.829176  0.829176  0.829176  0.829176 
===================================================

In thread 9

===================================================
Max =  0.00000  Min =  0.82918   Avg =  0.79139
No. of mutations = 47202 ;  No. of x-overs = 4470
Number of Lifecyles 3 

String =
Lifecycle 1
3 1 1 2 1 3 2 3 3 3 0 2 0.984474

Lifecycle 2
1 3 1 3 1 3 1 3 3 3 3 1 0.820771

Lifecycle 3
1 3 3 3 3 3 1 1 3 1 1 1 0.74624


 Best ever fitness = 0.829176 from generation = 89
 Best in each gen = 100  0.000000  0.817642  0.820979  0.820467  0.817025  0.818468  0.822755  0.822887  0.823293  0.822499  0.822158  0.824611  0.825822  0.826321  0.825892  0.824577  0.825534  0.826151  0.826239  0.827130  0.825956  0.827373  0.827886  0.827252  0.827775  0.827840  0.827775  0.827641  0.827840  0.828176  0.827886  0.828471  0.827886  0.828176  0.828176  0.828244  0.828244  0.828244  0.828273  0.828244  0.828471  0.828471  0.828471  0.828298  0.828471  0.828471  0.828471  0.828471  0.828471  0.828471  0.828471  0.828471  0.828471  0.828471  0.828471  0.828764  0.828764  0.828471  0.828764  0.828764  0.828764  0.828764  0.828764  0.828764  0.828764  0.828471  0.828764  0.828764  0.828764  0.828764  0.828764  0.828764  0.828764  0.828764  0.829099  0.828764  0.829099  0.829099  0.829099  0.829099  0.829099  0.829099  0.829099  0.829099  0.829099  0.829099  0.829099  0.829099  0.829099  0.829176  0.829176  0.829176  0.829176  0.829099  0.829099  0.829099  0.829099  0.829099  0.829176  0.829176  0.829176 
===================================================

In thread 8

===================================================
Max =  0.00000  Min =  0.82918   Avg =  0.79211
No. of mutations = 47019 ;  No. of x-overs = 4515
Number of Lifecyles 3 

String =
Lifecycle 1
2 1 3 2 3 3 2 0 1 3 3 2 0.984474

Lifecycle 2
1 3 1 3 1 3 1 3 3 3 3 1 0.820683

Lifecycle 3
1 3 3 3 3 3 1 1 3 1 1 1 0.74624


 Best ever fitness = 0.829188 from generation = 96
 Best in each gen = 100  0.000000  0.816578  0.815840  0.817918  0.819098  0.819355  0.820421  0.821269  0.818663  0.822397  0.820730  0.823009  0.822673  0.824611  0.823114  0.824564  0.825246  0.824383  0.824926  0.825130  0.825603  0.826239  0.827167  0.826324  0.826239  0.827373  0.827130  0.827641  0.827641  0.827886  0.827886  0.827840  0.827840  0.827886  0.828176  0.828176  0.828176  0.828176  0.828176  0.828298  0.828244  0.828244  0.828298  0.828764  0.828471  0.828298  0.828298  0.828471  0.828298  0.828471  0.828764  0.828471  0.828471  0.828471  0.828764  0.828471  0.828764  0.828471  0.828471  0.828764  0.828764  0.828764  0.828764  0.828764  0.828764  0.828764  0.828764  0.828764  0.828764  0.828764  0.828764  0.829099  0.828764  0.829099  0.828764  0.829099  0.829099  0.829099  0.829099  0.829099  0.829099  0.829099  0.829099  0.829176  0.829099  0.829099  0.829099  0.829099  0.829099  0.829176  0.829176  0.829099  0.829099  0.829176  0.829176  0.829176  0.829188  0.829176  0.829176  0.829176  0.829176 
===================================================

In thread 12

===================================================
Max =  0.00000  Min =  0.82918   Avg =  0.79706
No. of mutations = 47092 ;  No. of x-overs = 4475
Number of Lifecyles 3 

String =
Lifecycle 1
0 1 0 1 0 0 1 0 1 0 0 2 0.984474

Lifecycle 2
1 3 1 3 1 3 1 3 3 3 3 1 0.821351

Lifecycle 3
1 3 3 3 3 3 1 1 3 1 1 1 0.751029


 Best ever fitness = 0.829498 from generation = 93
 Best in each gen = 100  0.000000  0.826239  0.824383  0.824564  0.825300  0.825246  0.824926  0.823973  0.825354  0.827167  0.827761  0.826184  0.826821  0.827775  0.827775  0.827840  0.827840  0.827886  0.827886  0.828109  0.827886  0.828176  0.827886  0.828176  0.828176  0.828176  0.828298  0.828244  0.828244  0.828244  0.828471  0.828298  0.828298  0.828471  0.828471  0.828471  0.828471  0.828471  0.828471  0.828471  0.828471  0.828471  0.828471  0.828471  0.828471  0.828764  0.828471  0.828764  0.828764  0.828764  0.828764  0.828619  0.829099  0.828764  0.828764  0.828764  0.829099  0.828764  0.828764  0.829099  0.828764  0.829099  0.828764  0.828764  0.828764  0.828764  0.829099  0.829099  0.829099  0.829099  0.829099  0.829099  0.829099  0.829099  0.829099  0.829099  0.829099  0.829099  0.829176  0.829099  0.829176  0.829176  0.829176  0.829176  0.829176  0.829176  0.829176  0.829176  0.829176  0.829176  0.829176  0.829176  0.829176  0.829498  0.829176  0.829176  0.829176  0.829176  0.829176  0.829307  0.829176 
===================================================

In thread 10

===================================================
Max =  0.00000  Min =  0.82918   Avg =  0.78714
No. of mutations = 47314 ;  No. of x-overs = 4468
Number of Lifecyles 3 

String =
Lifecycle 1
0 3 1 2 2 0 3 3 0 0 2 1 0.984474

Lifecycle 2
1 3 1 3 1 3 1 3 3 3 3 1 0.821351

Lifecycle 3
1 3 3 3 3 3 1 1 3 1 1 1 0.752411


 Best ever fitness = 0.829307 from generation = 95
 Best in each gen = 100  0.000000  0.822755  0.821462  0.819317  0.820467  0.822755  0.823705  0.823085  0.824623  0.821141  0.823995  0.824988  0.826416  0.826184  0.824550  0.825017  0.826338  0.826124  0.827029  0.827641  0.827886  0.828109  0.827775  0.827775  0.827775  0.827886  0.827840  0.827886  0.827886  0.827840  0.828050  0.828176  0.828471  0.828298  0.828244  0.828244  0.828176  0.828298  0.828471  0.828471  0.828298  0.828471  0.828298  0.828471  0.828471  0.828764  0.828764  0.828471  0.828471  0.828471  0.828471  0.828471  0.828471  0.828764  0.828471  0.828471  0.828471  0.828764  0.828764  0.828764  0.828764  0.828764  0.828764  0.828764  0.828764  0.829099  0.828764  0.828764  0.828764  0.829099  0.829099  0.829099  0.828841  0.829099  0.829099  0.829099  0.829099  0.829099  0.829099  0.829099  0.829099  0.829176  0.829099  0.829099  0.829176  0.829099  0.829099  0.829099  0.829099  0.829176  0.829176  0.829176  0.829176  0.829176  0.829176  0.829307  0.829176  0.829187  0.829176  0.829176  0.829176 
===================================================

In thread 11

===================================================
Max =  0.00000  Min =  0.82918   Avg =  0.80500
No. of mutations = 47299 ;  No. of x-overs = 4510
Number of Lifecyles 3 

String =
Lifecycle 1
0 3 0 2 2 0 3 3 0 0 2 1 0.984474

Lifecycle 2
1 3 1 3 1 3 1 3 3 3 3 1 0.821351

Lifecycle 3
1 3 3 3 3 3 1 1 3 1 1 1 0.752411


 Best ever fitness = 0.829307 from generation = 87
 Best in each gen = 100  0.000000  0.821811  0.823057  0.820347  0.822967  0.826412  0.824988  0.824716  0.825214  0.825333  0.824352  0.825394  0.825356  0.826877  0.827641  0.826239  0.827029  0.827840  0.827775  0.827775  0.827886  0.827886  0.828176  0.828471  0.828176  0.828176  0.828109  0.828109  0.828471  0.828176  0.828244  0.828273  0.828298  0.828298  0.828298  0.828298  0.828298  0.828471  0.828471  0.828471  0.828471  0.828471  0.828471  0.828764  0.828764  0.828764  0.828471  0.828471  0.828764  0.828764  0.828764  0.828764  0.828764  0.828764  0.828471  0.828764  0.828764  0.828471  0.828764  0.829099  0.828764  0.829099  0.828764  0.828764  0.828764  0.829099  0.829099  0.829099  0.829099  0.829099  0.829099  0.829099  0.829099  0.829176  0.829099  0.829099  0.829099  0.829099  0.829099  0.829099  0.829176  0.829099  0.829099  0.829099  0.829099  0.829176  0.829099  0.829307  0.829176  0.829176  0.829176  0.829176  0.829176  0.829176  0.829176  0.829176  0.829176  0.829187  0.829176  0.829176  0.829176 
===================================================

In thread 14

===================================================
Max =  0.00000  Min =  0.82918   Avg =  0.78881
No. of mutations = 47635 ;  No. of x-overs = 4550
Number of Lifecyles 3 

String =
Lifecycle 1
0 1 0 3 3 2 0 2 1 3 0 2 0.984474

Lifecycle 2
1 3 1 3 1 3 1 3 3 3 3 1 0.821351

Lifecycle 3
1 3 3 3 3 3 1 1 3 1 1 1 0.752411


 Best ever fitness = 0.829307 from generation = 84
 Best in each gen = 100  0.000000  0.826184  0.827167  0.825822  0.826218  0.826338  0.826184  0.826306  0.827775  0.827404  0.827775  0.827775  0.827641  0.828176  0.828176  0.828471  0.827775  0.828471  0.828176  0.828260  0.828244  0.828176  0.828298  0.828471  0.828298  0.828244  0.828298  0.828471  0.828471  0.828471  0.828471  0.828471  0.828471  0.828471  0.828471  0.828764  0.828471  0.828764  0.828471  0.828764  0.828764  0.828471  0.828764  0.828764  0.828764  0.828471  0.828764  0.828764  0.828764  0.828764  0.828764  0.828764  0.828764  0.828764  0.829099  0.829099  0.829099  0.829099  0.829099  0.828764  0.829099  0.829099  0.829099  0.829099  0.829099  0.829099  0.829099  0.829099  0.829099  0.829099  0.829176  0.829099  0.829099  0.829099  0.829099  0.829176  0.829176  0.829176  0.829176  0.829176  0.829176  0.829176  0.829176  0.829176  0.829307  0.829176  0.829176  0.829307  0.829176  0.829176  0.829176  0.829176  0.829176  0.829307  0.829176  0.829176  0.829307  0.829176  0.829176  0.829176  0.829176 
===================================================

In thread 13

===================================================
Max =  0.53476  Min =  0.82918   Avg =  0.80711
No. of mutations = 47226 ;  No. of x-overs = 4498
Number of Lifecyles 3 

String =
Lifecycle 1
0 1 3 0 1 3 3 0 2 0 1 0 0.984474

Lifecycle 2
1 3 1 3 1 3 1 3 3 3 3 1 0.821351

Lifecycle 3
1 3 3 3 3 3 1 1 3 1 1 1 0.752411


 Best ever fitness = 0.829307 from generation = 87
 Best in each gen = 100  0.000000  0.825107  0.825011  0.824988  0.825840  0.827130  0.827167  0.826338  0.826338  0.825648  0.827775  0.827029  0.826567  0.827840  0.827130  0.827775  0.827775  0.828176  0.827840  0.827886  0.827886  0.828176  0.828244  0.828298  0.828244  0.828244  0.828273  0.828471  0.828273  0.828244  0.828471  0.828298  0.828471  0.828298  0.828471  0.828471  0.828471  0.828471  0.828471  0.828471  0.828471  0.828471  0.828471  0.828764  0.828764  0.828764  0.828619  0.828764  0.828471  0.828764  0.828764  0.828764  0.828764  0.828764  0.828764  0.828764  0.829099  0.829099  0.828764  0.829099  0.829099  0.828764  0.829099  0.829099  0.829099  0.829099  0.829099  0.829099  0.829099  0.829099  0.829099  0.829176  0.829176  0.829176  0.829176  0.829176  0.829176  0.829176  0.829176  0.829099  0.829176  0.829176  0.829176  0.829176  0.829176  0.829176  0.829176  0.829307  0.829176  0.829176  0.829176  0.829176  0.829176  0.829176  0.829176  0.829307  0.829176  0.829307  0.829176  0.829307  0.829176 
===================================================

In thread 15

===================================================
Max =  0.00000  Min =  0.82931   Avg =  0.80995
No. of mutations = 47152 ;  No. of x-overs = 4470
Number of Lifecyles 3 

String =
Lifecycle 1
0 3 0 2 2 0 3 3 0 0 2 1 0.984474

Lifecycle 2
1 3 1 3 1 3 1 3 3 3 3 1 0.821351

Lifecycle 3
1 3 3 3 3 3 1 1 3 1 1 1 0.752411


 Best ever fitness = 0.829307 from generation = 71
 Best in each gen = 100  0.000000  0.827161  0.827373  0.826417  0.826821  0.826821  0.828176  0.827761  0.827840  0.828298  0.827840  0.828176  0.828176  0.827886  0.828244  0.828176  0.827886  0.828244  0.828471  0.828471  0.828244  0.828298  0.828298  0.828298  0.828471  0.828298  0.828298  0.828471  0.828471  0.828471  0.828471  0.828471  0.828471  0.828471  0.828471  0.828471  0.828764  0.828764  0.828471  0.828764  0.828764  0.828471  0.828764  0.828764  0.828764  0.828764  0.828764  0.828764  0.828764  0.828764  0.828764  0.829099  0.828764  0.829099  0.829099  0.829099  0.829099  0.829099  0.829099  0.829099  0.829099  0.829099  0.829099  0.829176  0.829099  0.829176  0.829099  0.829099  0.829099  0.829099  0.829176  0.829307  0.829176  0.829176  0.829176  0.829176  0.829176  0.829176  0.829307  0.829176  0.829176  0.829176  0.829307  0.829176  0.829176  0.829176  0.829307  0.829176  0.829176  0.829176  0.829176  0.829176  0.829176  0.829307  0.829176  0.829307  0.829176  0.829176  0.829176  0.829188  0.829307 
===================================================


 O.K Good bye !!!
