1 0.461363 0.483248 0.507762 0.573642 0.629499 0.639520 0.633270
2 0.461363 0.483248 0.516798 0.596560 0.634471 0.639520 0.633934
3 0.472048 0.517177 0.534781 0.596560 0.634471 0.643019 0.634964
4 0.472048 0.517177 0.534781 0.596560 0.634471 0.643019 0.634964
5 0.504640 0.537380 0.565918 0.596560 0.634912 0.643019 0.635185
6 0.512596 0.555050 0.566461 0.597622 0.634912 0.643019 0.635185
7 0.520374 0.567055 0.566461 0.597622 0.635177 0.643019 0.635575
8 0.526683 0.582549 0.588986 0.606241 0.639684 0.643019 0.635575
9 0.557651 0.582549 0.588986 0.607855 0.639684 0.643019 0.635575
10 0.557651 0.590701 0.597747 0.618928 0.639684 0.643019 0.635575
11 0.558247 0.592041 0.604522 0.618928 0.640341 0.643047 0.635575
12 0.562864 0.592620 0.604522 0.618928 0.640341 0.643047 0.635575
13 0.569602 0.596387 0.608554 0.618928 0.640341 0.643047 0.635575
14 0.572924 0.598812 0.608554 0.618928 0.640341 0.646591 0.635575
15 0.574477 0.598812 0.608554 0.618928 0.640341 0.646591 0.635575
16 0.581685 0.599971 0.609840 0.623380 0.640341 0.646591 0.635575
17 0.581685 0.608111 0.611823 0.623380 0.640795 0.646591 0.635575
18 0.586880 0.608215 0.611823 0.623380 0.641269 0.646591 0.635575
19 0.590425 0.611843 0.611823 0.624587 0.641659 0.646591 0.635575
20 0.592597 0.611843 0.611995 0.626537 0.642379 0.646591 0.635575
21 0.594881 0.614560 0.612020 0.632201 0.642379 0.646591 0.635575
22 0.594881 0.614560 0.614921 0.632201 0.642669 0.646591 0.635575
23 0.595842 0.617266 0.614921 0.633390 0.642669 0.646591 0.635575
24 0.601283 0.622358 0.621959 0.633390 0.642669 0.646591 0.635596
25 0.614555 0.622358 0.621959 0.637741 0.642669 0.647636 0.635596
26 0.616052 0.622700 0.624173 0.637741 0.643961 0.647636 0.635596
27 0.619629 0.622700 0.624288 0.637741 0.643961 0.647636 0.635596
28 0.619629 0.625898 0.624288 0.637741 0.643961 0.647636 0.635818
29 0.619724 0.625898 0.626875 0.639620 0.644863 0.647636 0.635818
30 0.619724 0.628062 0.626875 0.639620 0.647459 0.647636 0.638492
31 0.619724 0.628138 0.629136 0.639620 0.647459 0.647636 0.638492
32 0.623280 0.632783 0.629136 0.639620 0.647459 0.647636 0.638492
33 0.626964 0.632783 0.630013 0.639620 0.649258 0.647636 0.638492
34 0.626964 0.632783 0.632609 0.639988 0.649258 0.647636 0.638492
35 0.626964 0.632783 0.632609 0.641208 0.649258 0.647636 0.638492
36 0.629059 0.634098 0.632609 0.641208 0.649258 0.647636 0.638492
37 0.629059 0.636664 0.632609 0.641208 0.649258 0.647636 0.638492
38 0.629338 0.640520 0.632609 0.641208 0.649258 0.647636 0.638492
39 0.629338 0.640644 0.635440 0.641208 0.649258 0.647636 0.638492
40 0.630639 0.640644 0.636633 0.641208 0.649258 0.647636 0.638492
41 0.630639 0.642640 0.636633 0.641208 0.649258 0.648245 0.638615
42 0.630989 0.642780 0.636985 0.642926 0.649258 0.648245 0.638615
43 0.639379 0.643658 0.636985 0.642926 0.649258 0.648538 0.638615
44 0.639379 0.644439 0.637880 0.644764 0.649607 0.648538 0.638615
45 0.639379 0.646483 0.638930 0.644764 0.649607 0.648538 0.638615
46 0.639379 0.646483 0.638930 0.644764 0.650419 0.648545 0.638615
47 0.639379 0.646483 0.639030 0.645751 0.650419 0.651741 0.638615
48 0.639846 0.646483 0.639866 0.645751 0.650419 0.651741 0.638615
49 0.639846 0.646483 0.641524 0.645751 0.650419 0.651741 0.638615
50 0.642169 0.646483 0.642617 0.646905 0.650419 0.651741 0.639327
51 0.642169 0.646483 0.645112 0.647380 0.650419 0.651741 0.639327
52 0.642169 0.646483 0.645112 0.648272 0.650419 0.651741 0.639327
53 0.642169 0.647230 0.645112 0.648272 0.652191 0.651741 0.639327
54 0.644248 0.647412 0.645112 0.648342 0.652191 0.651741 0.639327
55 0.644248 0.647565 0.645112 0.648573 0.652191 0.651741 0.639327
56 0.644248 0.651383 0.645394 0.648573 0.652191 0.651741 0.639327
57 0.644248 0.651383 0.645394 0.648573 0.652191 0.651741 0.639327
58 0.644248 0.651383 0.645794 0.649332 0.652930 0.651741 0.639327
59 0.644271 0.652090 0.645794 0.649385 0.652930 0.651741 0.639327
60 0.646597 0.652090 0.645794 0.649385 0.652930 0.651741 0.640018
61 0.646597 0.652090 0.646161 0.649385 0.652930 0.651741 0.640018
62 0.647079 0.652627 0.646161 0.649549 0.653587 0.652078 0.640018
63 0.647079 0.652627 0.646161 0.650891 0.653587 0.652078 0.640018
64 0.647079 0.652627 0.646161 0.650891 0.653587 0.652078 0.640018
65 0.647774 0.652811 0.647010 0.650891 0.654426 0.652406 0.640018
66 0.647774 0.653490 0.647010 0.650891 0.654426 0.653680 0.640018
67 0.647774 0.653718 0.647012 0.651647 0.654426 0.653680 0.640018
68 0.647774 0.653733 0.647012 0.651682 0.654426 0.653680 0.640018
69 0.648327 0.653733 0.647723 0.652467 0.654426 0.653680 0.640240
70 0.651483 0.655905 0.648833 0.652467 0.654542 0.653680 0.640240
71 0.651483 0.655905 0.648833 0.652467 0.654542 0.653680 0.640240
72 0.651483 0.655905 0.648833 0.652467 0.654542 0.653680 0.640240
73 0.652669 0.655905 0.648833 0.652497 0.655957 0.653680 0.640240
74 0.652669 0.655905 0.648833 0.652497 0.655957 0.653680 0.640240
75 0.652669 0.656928 0.650524 0.652497 0.655957 0.653680 0.640240
76 0.652669 0.656928 0.650524 0.654763 0.655957 0.653680 0.640240
77 0.652697 0.656928 0.651917 0.654763 0.655957 0.653680 0.640240
78 0.653652 0.656928 0.653473 0.654763 0.655957 0.653680 0.640240
79 0.653652 0.656928 0.653473 0.654955 0.659742 0.653680 0.640240
80 0.654191 0.656928 0.653473 0.654955 0.659742 0.653680 0.640240
81 0.654191 0.657531 0.653473 0.654955 0.659742 0.653680 0.640240
82 0.654712 0.657531 0.653473 0.654955 0.659742 0.653680 0.640240
83 0.654712 0.657531 0.653473 0.654955 0.659742 0.653680 0.640240
84 0.654712 0.657531 0.653473 0.654955 0.659742 0.653680 0.640240
85 0.654712 0.657531 0.653473 0.654955 0.659742 0.653680 0.640240
86 0.654841 0.657531 0.653473 0.654955 0.659742 0.653680 0.640240
87 0.655880 0.657531 0.653473 0.654955 0.659742 0.653680 0.640240
88 0.655880 0.657531 0.653544 0.654955 0.659742 0.653680 0.640240
89 0.655880 0.657531 0.654095 0.656143 0.659742 0.653680 0.640240
90 0.656042 0.657531 0.654095 0.656143 0.659742 0.653680 0.640240
91 0.658419 0.657531 0.654146 0.656143 0.659742 0.653680 0.640240
92 0.658419 0.657531 0.654146 0.656143 0.659742 0.653680 0.640240
93 0.658419 0.657531 0.654774 0.656143 0.659742 0.653680 0.640240
94 0.658419 0.657671 0.655531 0.656143 0.659742 0.653680 0.640240
95 0.658515 0.657982 0.655531 0.656143 0.659742 0.653680 0.640240
96 0.659618 0.659042 0.655531 0.656143 0.659742 0.653680 0.640240
97 0.659618 0.659042 0.655531 0.656143 0.659742 0.653703 0.640240
98 0.659618 0.659042 0.655531 0.656143 0.659742 0.653703 0.640240
99 0.659618 0.659042 0.655531 0.656143 0.659742 0.653768 0.640240
100 0.659618 0.659042 0.655531 0.656331 0.659742 0.653768 0.640240
