1 0.438868 0.485150 0.579644 0.613858 0.623369 0.636937 0.632785
2 0.438868 0.528054 0.595667 0.614211 0.624915 0.637452 0.632785
3 0.438868 0.528054 0.595667 0.614211 0.624915 0.637452 0.632785
4 0.439871 0.528054 0.595667 0.620152 0.624956 0.637452 0.632785
5 0.440437 0.536809 0.595667 0.620152 0.624956 0.637452 0.632785
6 0.451543 0.541361 0.595667 0.620152 0.626585 0.637452 0.632785
7 0.453767 0.541361 0.595667 0.620152 0.626585 0.639001 0.632785
8 0.466767 0.542010 0.595667 0.620152 0.628879 0.639001 0.632785
9 0.466767 0.558177 0.596584 0.620609 0.628879 0.639001 0.632785
10 0.466767 0.558177 0.597740 0.624922 0.628879 0.639710 0.632785
11 0.466767 0.567560 0.597740 0.626198 0.628879 0.639710 0.632785
12 0.474104 0.572713 0.597740 0.626198 0.630457 0.639710 0.632785
13 0.508475 0.572713 0.597740 0.626198 0.634058 0.639710 0.632806
14 0.508475 0.572713 0.597740 0.626198 0.634058 0.645117 0.632806
15 0.519001 0.572713 0.597740 0.626198 0.634058 0.645117 0.632806
16 0.529792 0.576959 0.602035 0.626198 0.634058 0.645117 0.634341
17 0.534087 0.576959 0.602035 0.626425 0.634058 0.645117 0.634467
18 0.538689 0.582503 0.602035 0.626425 0.634058 0.645117 0.639969
19 0.538957 0.584597 0.605062 0.628080 0.634058 0.645117 0.639969
20 0.573634 0.584597 0.610257 0.628080 0.634058 0.645117 0.639969
21 0.573634 0.584597 0.610257 0.629177 0.634058 0.645117 0.639969
22 0.573828 0.597014 0.610257 0.629878 0.634081 0.645117 0.639969
23 0.575122 0.603139 0.614904 0.629878 0.634081 0.645117 0.639969
24 0.576481 0.603139 0.614904 0.629878 0.634599 0.645117 0.639969
25 0.576481 0.603139 0.614904 0.632853 0.634599 0.645117 0.639969
26 0.588239 0.604033 0.614904 0.632853 0.634599 0.645117 0.639969
27 0.593537 0.604033 0.616268 0.632853 0.635920 0.645117 0.639969
28 0.593537 0.604033 0.616268 0.634437 0.635920 0.645117 0.639969
29 0.593568 0.605628 0.616268 0.634437 0.635920 0.645117 0.639969
30 0.593568 0.605628 0.616268 0.634437 0.635920 0.645117 0.639969
31 0.593568 0.607581 0.616455 0.634437 0.638307 0.645117 0.639969
32 0.594927 0.611756 0.616455 0.634437 0.638307 0.645183 0.639969
33 0.594927 0.619392 0.621684 0.634437 0.638307 0.645183 0.639969
34 0.595698 0.619392 0.621684 0.634437 0.639690 0.647761 0.639969
35 0.595698 0.628204 0.621810 0.636831 0.639690 0.647761 0.639969
36 0.595789 0.628732 0.621810 0.636831 0.639690 0.647761 0.639969
37 0.595789 0.628732 0.621810 0.636831 0.639690 0.647761 0.639969
38 0.597838 0.628732 0.621810 0.636831 0.640164 0.647761 0.639969
39 0.597838 0.628732 0.621810 0.636831 0.640164 0.647761 0.639969
40 0.598425 0.628732 0.621810 0.637540 0.640164 0.647761 0.639969
41 0.598425 0.630390 0.621810 0.639712 0.640164 0.648451 0.639969
42 0.598425 0.630390 0.628921 0.639712 0.640164 0.648451 0.639969
43 0.599234 0.630552 0.628921 0.642318 0.640164 0.648451 0.639969
44 0.599875 0.630552 0.628921 0.642318 0.640374 0.648451 0.639969
45 0.602663 0.630552 0.630235 0.642318 0.640374 0.648451 0.639969
46 0.602663 0.630663 0.630235 0.642318 0.640374 0.648451 0.639969
47 0.604842 0.632287 0.630235 0.642318 0.640374 0.648451 0.639969
48 0.604842 0.632287 0.630235 0.642318 0.640374 0.648451 0.639969
49 0.604842 0.632287 0.630296 0.642318 0.640419 0.648451 0.639969
50 0.614369 0.632719 0.630296 0.642318 0.640419 0.648451 0.639969
51 0.614369 0.632719 0.631196 0.642318 0.640419 0.648451 0.639969
52 0.617392 0.632719 0.631196 0.642318 0.640419 0.648451 0.639969
53 0.617392 0.637496 0.631196 0.642318 0.640419 0.648451 0.639969
54 0.617392 0.637496 0.631196 0.642318 0.641709 0.648451 0.639969
55 0.617392 0.637496 0.633824 0.642674 0.641709 0.648451 0.639969
56 0.620227 0.637496 0.633824 0.642674 0.641709 0.648451 0.639969
57 0.620227 0.637496 0.633824 0.642674 0.641709 0.648451 0.639969
58 0.620227 0.637496 0.633824 0.642674 0.642467 0.648451 0.639969
59 0.620227 0.638336 0.633824 0.642674 0.642467 0.648451 0.639969
60 0.620227 0.638336 0.633824 0.642674 0.642467 0.648451 0.639969
